Step            Loss
--------------------
1        -829.186096
2        -885.421082
3        -941.686035
4        -997.980774
5       -1054.305908
6       -1110.662476
7       -1167.051880
8       -1223.475952
9       -1279.935913
10      -1336.432861
11      -1392.968506
12      -1449.544434
13      -1506.161865
14      -1562.822754
15      -1619.528320
16      -1676.280518
17      -1733.080444
18      -1789.930176
19      -1846.831055
20      -1903.784668
21      -1960.792725
22      -2017.856934
23      -2074.979004
24      -2132.160645
25      -2189.403076
26      -2246.708496
27      -2304.078125
28      -2361.514404
29      -2419.018066
30      -2476.591553
31      -2534.236084
32      -2591.953613
33      -2649.745605
34      -2707.613770
35      -2765.559326
36      -2823.584473
37      -2881.690430
38      -2939.879150
39      -2998.151611
40      -3056.509766
41      -3114.954590
42      -3173.488037
43      -3232.111328
44      -3290.826172
45      -3349.633545
46      -3408.535400
47      -3467.532471
48      -3526.626953
49      -3585.819824
50      -3645.111816
51      -3704.505371
52      -3764.000977
53      -3823.600098
54      -3883.304688
55      -3943.115723
56      -4003.033691
57      -4063.060791
58      -4123.197754
59      -4183.446289
60      -4243.806641
61      -4304.280762
62      -4364.869629
63      -4425.574219
64      -4486.395508
65      -4547.334961
66      -4608.393555
67      -4669.572266
68      -4730.872070
69      -4792.293457
70      -4853.837891
71      -4915.506836
72      -4977.299805
73      -5039.218750
74      -5101.263672
75      -5163.436523
76      -5225.736328
77      -5288.166016
78      -5350.724609
79      -5413.414062
80      -5476.233398
81      -5539.184570
82      -5602.268066
83      -5665.483887
84      -5728.833008
85      -5792.316406
86      -5855.932617
87      -5919.684570
88      -5983.571289
89      -6047.592773
90      -6111.750000
91      -6176.043945
92      -6240.473633
93      -6305.040039
94      -6369.742676
95      -6434.582520
96      -6499.558594
97      -6564.672852
98      -6629.923340
99      -6695.311523
100     -6760.836426
101     -6826.498047
102     -6892.296875
103     -6958.232422
104     -7024.304688
105     -7090.512695
106     -7156.857910
107     -7223.337891
108     -7289.954102
109     -7356.705078
110     -7423.590820
111     -7490.610352
112     -7557.764160
113     -7625.050781
114     -7692.470703
115     -7760.022461
116     -7827.706055
117     -7895.519043
118     -7963.462891
119     -8031.536133
120     -8099.737305
121     -8168.066895
122     -8236.523438
123     -8305.105469
124     -8373.812500
125     -8442.643555
126     -8511.597656
127     -8580.672852
128     -8649.869141
129     -8719.185547
130     -8788.621094
131     -8858.173828
132     -8927.843750
133     -8997.626953
134     -9067.525391
135     -9137.535156
136     -9207.656250
137     -9277.887695
138     -9348.226562
139     -9418.672852
140     -9489.224609
141     -9559.880859
142     -9630.639648
143     -9701.498047
144     -9772.455078
145     -9843.508789
146     -9914.659180
147     -9985.905273
148     -10057.243164
149     -10128.672852
150     -10200.191406
151     -10271.798828
152     -10343.491211
153     -10415.267578
154     -10487.127930
155     -10559.067383
156     -10631.085938
157     -10703.181641
158     -10775.351562
159     -10847.595703
160     -10919.911133
161     -10992.295898
162     -11064.748047
163     -11137.263672
164     -11209.845703
165     -11282.487305
166     -11355.187500
167     -11427.946289
168     -11500.760742
169     -11573.628906
170     -11646.546875
171     -11719.514648
172     -11792.529297
173     -11865.589844
174     -11938.691406
175     -12011.835938
176     -12085.018555
177     -12158.238281
178     -12231.492188
179     -12304.765625
180     -12378.048828
181     -12451.359375
182     -12524.697266
183     -12598.058594
184     -12671.441406
185     -12744.843750
186     -12818.263672
187     -12891.700195
188     -12965.148438
189     -13038.608398
190     -13112.078125
191     -13185.552734
192     -13259.033203
193     -13332.516602
194     -13405.999023
195     -13479.481445
196     -13552.956055
197     -13626.402344
198     -13699.841797
199     -13773.269531
200     -13846.684570
201     -13920.085938
202     -13993.470703
203     -14066.835938
204     -14140.181641
205     -14213.501953
206     -14286.800781
207     -14360.070312
208     -14433.310547
209     -14506.520508
210     -14579.696289
211     -14652.837891
212     -14725.941406
213     -14799.005859
214     -14872.028320
215     -14945.007812
216     -15017.943359
217     -15090.829102
218     -15163.667969
219     -15236.453125
220     -15309.187500
221     -15381.865234
222     -15454.448242
223     -15526.918945
224     -15599.329102
225     -15671.675781
226     -15743.958984
227     -15816.174805
228     -15888.322266
229     -15960.400391
230     -16032.406250
231     -16104.337891
232     -16176.194336
233     -16247.974609
234     -16319.671875
235     -16391.291016
236     -16462.732422
237     -16534.087891
238     -16605.355469
239     -16676.535156
240     -16747.625000
241     -16818.625000
242     -16889.468750
243     -16960.199219
244     -17030.835938
245     -17101.373047
246     -17171.812500
247     -17242.128906
248     -17312.326172
249     -17382.417969
250     -17452.406250
251     -17522.287109
252     -17592.058594
253     -17661.722656
254     -17731.273438
255     -17800.701172
256     -17869.980469
257     -17939.142578
258     -18008.167969
259     -18077.013672
260     -18145.732422
261     -18214.328125
262     -18282.800781
263     -18351.152344
264     -18419.375000
265     -18487.472656
266     -18555.445312
267     -18623.285156
268     -18691.000000
269     -18758.578125
270     -18826.027344
271     -18893.306641
272     -18960.437500
273     -19027.431641
274     -19094.291016
275     -19161.009766
276     -19227.589844
277     -19294.031250
278     -19360.328125
279     -19426.457031
280     -19492.414062
281     -19558.218750
282     -19623.875000
283     -19689.386719
284     -19754.742188
285     -19819.933594
286     -19884.935547
287     -19949.742188
288     -20014.398438
289     -20078.884766
290     -20143.183594
291     -20207.332031
292     -20271.324219
293     -20335.162109
294     -20398.843750
295     -20462.367188
296     -20525.736328
297     -20588.941406
298     -20651.988281
299     -20714.875000
300     -20777.572266
301     -20840.101562
302     -20902.472656
303     -20964.675781
304     -21026.720703
305     -21088.599609
306     -21150.292969
307     -21211.755859
308     -21273.035156
309     -21334.103516
310     -21395.003906
311     -21455.691406
312     -21516.187500
313     -21576.443359
314     -21636.535156
315     -21696.431641
316     -21756.156250
317     -21815.664062
318     -21874.941406
319     -21934.019531
320     -21992.855469
321     -22051.468750
322     -22109.898438
323     -22168.121094
324     -22226.117188
325     -22283.820312
326     -22341.351562
327     -22398.703125
328     -22455.847656
329     -22512.746094
330     -22569.462891
331     -22625.990234
332     -22682.337891
333     -22738.507812
334     -22794.464844
335     -22850.234375
336     -22905.832031
337     -22961.255859
338     -23016.505859
339     -23071.578125
340     -23126.447266
341     -23181.136719
342     -23235.650391
343     -23289.992188
344     -23344.158203
345     -23398.148438
346     -23451.929688
347     -23505.466797
348     -23558.796875
349     -23611.914062
350     -23664.800781
351     -23717.480469
352     -23769.943359
353     -23822.160156
354     -23874.164062
355     -23925.919922
356     -23977.408203
357     -24028.650391
358     -24079.615234
359     -24130.373047
360     -24180.937500
361     -24231.320312
362     -24281.533203
363     -24331.511719
364     -24381.222656
365     -24430.744141
366     -24480.050781
367     -24529.185547
368     -24578.117188
369     -24626.820312
370     -24675.238281
371     -24723.470703
372     -24771.515625
373     -24819.333984
374     -24866.886719
375     -24914.226562
376     -24961.328125
377     -25008.175781
378     -25054.775391
379     -25101.175781
380     -25147.367188
381     -25193.382812
382     -25239.121094
383     -25284.628906
384     -25329.943359
385     -25375.007812
386     -25419.847656
387     -25464.488281
388     -25508.929688
389     -25553.201172
390     -25597.238281
391     -25641.042969
392     -25684.681641
393     -25728.136719
394     -25771.382812
395     -25814.406250
396     -25857.197266
397     -25899.832031
398     -25942.308594
399     -25984.578125
400     -26026.644531
401     -26068.501953
402     -26110.156250
403     -26151.472656
404     -26192.433594
405     -26233.134766
406     -26273.644531
407     -26313.964844
408     -26354.035156
409     -26393.886719
410     -26433.470703
411     -26472.875000
412     -26512.074219
413     -26551.074219
414     -26589.832031
415     -26628.289062
416     -26666.509766
417     -26704.535156
418     -26742.345703
419     -26780.013672
420     -26817.482422
421     -26854.728516
422     -26891.816406
423     -26928.746094
424     -26965.400391
425     -27001.748047
426     -27037.871094
427     -27073.837891
428     -27109.558594
429     -27145.064453
430     -27180.183594
431     -27215.089844
432     -27249.832031
433     -27284.378906
434     -27318.677734
435     -27352.789062
436     -27386.693359
437     -27420.376953
438     -27453.927734
439     -27487.277344
440     -27520.412109
441     -27553.320312
442     -27586.039062
443     -27618.578125
444     -27650.937500
445     -27683.074219
446     -27714.998047
447     -27746.728516
448     -27778.294922
449     -27809.681641
450     -27840.902344
451     -27871.949219
452     -27902.779297
453     -27933.347656
454     -27963.718750
455     -27993.916016
456     -28023.953125
457     -28053.750000
458     -28083.230469
459     -28112.509766
460     -28141.539062
461     -28170.332031
462     -28198.972656
463     -28227.466797
464     -28255.730469
465     -28283.835938
466     -28311.794922
467     -28339.611328
468     -28367.226562
469     -28394.650391
470     -28421.882812
471     -28448.912109
472     -28475.792969
473     -28502.558594
474     -28529.134766
475     -28555.472656
476     -28581.617188
477     -28607.519531
478     -28633.156250
479     -28658.550781
480     -28683.730469
481     -28708.710938
482     -28733.574219
483     -28758.302734
484     -28782.886719
485     -28807.300781
486     -28831.531250
487     -28855.566406
488     -28879.380859
489     -28903.066406
490     -28926.628906
491     -28949.976562
492     -28973.107422
493     -28996.058594
494     -29018.910156
495     -29041.597656
496     -29064.113281
497     -29086.503906
498     -29108.667969
499     -29130.587891
500     -29152.371094
501     -29173.988281
502     -29195.378906
503     -29216.585938
504     -29237.652344
505     -29258.580078
506     -29279.375000
507     -29299.957031
508     -29320.363281
509     -29340.607422
510     -29360.716797
511     -29380.734375
512     -29400.626953
513     -29420.300781
514     -29439.832031
515     -29459.136719
516     -29478.218750
517     -29497.064453
518     -29515.773438
519     -29534.369141
520     -29552.886719
521     -29571.226562
522     -29589.386719
523     -29607.369141
524     -29625.175781
525     -29642.894531
526     -29660.468750
527     -29677.804688
528     -29694.863281
529     -29711.832031
530     -29728.652344
531     -29745.226562
532     -29761.568359
533     -29777.785156
534     -29793.917969
535     -29809.941406
536     -29825.849609
537     -29841.691406
538     -29857.433594
539     -29872.947266
540     -29888.183594
541     -29903.308594
542     -29918.304688
543     -29933.164062
544     -29947.898438
545     -29962.488281
546     -29976.916016
547     -29991.164062
548     -30005.275391
549     -30019.242188
550     -30033.027344
551     -30046.707031
552     -30060.199219
553     -30073.568359
554     -30086.853516
555     -30100.046875
556     -30113.023438
557     -30125.865234
558     -30138.648438
559     -30151.320312
560     -30163.925781
561     -30176.402344
562     -30188.769531
563     -30200.984375
564     -30213.007812
565     -30224.888672
566     -30236.660156
567     -30248.326172
568     -30259.890625
569     -30271.398438
570     -30282.742188
571     -30294.007812
572     -30305.234375
573     -30316.408203
574     -30327.535156
575     -30338.574219
576     -30349.527344
577     -30360.398438
578     -30371.199219
579     -30381.919922
580     -30392.500000
581     -30402.968750
582     -30413.363281
583     -30423.685547
584     -30433.937500
585     -30444.115234
586     -30454.210938
587     -30464.203125
588     -30474.121094
589     -30483.929688
590     -30493.611328
591     -30503.205078
592     -30512.677734
593     -30522.066406
594     -30531.363281
595     -30540.566406
596     -30549.660156
597     -30558.683594
598     -30567.677734
599     -30576.574219
600     -30585.408203
601     -30594.203125
602     -30602.929688
603     -30611.568359
604     -30620.123047
605     -30628.535156
606     -30636.863281
607     -30645.154297
608     -30653.402344
609     -30661.587891
610     -30669.681641
611     -30677.615234
612     -30685.453125
613     -30693.261719
614     -30700.972656
615     -30708.611328
616     -30716.183594
617     -30723.644531
618     -30730.998047
619     -30738.207031
620     -30745.378906
621     -30752.457031
622     -30759.421875
623     -30766.277344
624     -30773.058594
625     -30779.808594
626     -30786.515625
627     -30793.144531
628     -30799.718750
629     -30806.261719
630     -30812.755859
631     -30819.167969
632     -30825.527344
633     -30831.855469
634     -30838.164062
635     -30844.441406
636     -30850.666016
637     -30856.851562
638     -30862.968750
639     -30868.994141
640     -30874.968750
641     -30880.894531
642     -30886.710938
643     -30892.486328
644     -30898.232422
645     -30903.941406
646     -30909.607422
647     -30915.150391
648     -30920.603516
649     -30926.003906
650     -30931.355469
651     -30936.683594
652     -30941.998047
653     -30947.248047
654     -30952.414062
655     -30957.548828
656     -30962.652344
657     -30967.705078
658     -30972.699219
659     -30977.644531
660     -30982.574219
661     -30987.449219
662     -30992.296875
663     -30997.130859
664     -31001.941406
665     -31006.714844
666     -31011.445312
667     -31016.121094
668     -31020.714844
669     -31025.230469
670     -31029.720703
671     -31034.175781
672     -31038.611328
673     -31043.007812
674     -31047.375000
675     -31051.714844
676     -31056.017578
677     -31060.269531
678     -31064.511719
679     -31068.730469
680     -31072.917969
681     -31077.068359
682     -31081.167969
683     -31085.195312
684     -31089.210938
685     -31093.183594
686     -31097.115234
687     -31101.029297
688     -31104.929688
689     -31108.800781
690     -31112.644531
691     -31116.457031
692     -31120.224609
693     -31123.955078
694     -31127.632812
695     -31131.281250
696     -31134.847656
697     -31138.384766
698     -31141.906250
699     -31145.404297
700     -31148.875000
701     -31152.316406
702     -31155.732422
703     -31159.136719
704     -31162.531250
705     -31165.917969
706     -31169.292969
707     -31172.656250
708     -31176.007812
709     -31179.320312
710     -31182.593750
711     -31185.835938
712     -31189.054688
713     -31192.261719
714     -31195.460938
715     -31198.632812
716     -31201.796875
717     -31204.953125
718     -31208.101562
719     -31211.222656
720     -31214.324219
721     -31217.386719
722     -31220.431641
723     -31223.468750
724     -31226.490234
725     -31229.500000
726     -31232.496094
727     -31235.474609
728     -31238.437500
729     -31241.386719
730     -31244.296875
731     -31247.197266
732     -31250.082031
733     -31252.943359
734     -31255.798828
735     -31258.646484
736     -31261.474609
737     -31264.292969
738     -31267.093750
739     -31269.875000
740     -31272.632812
741     -31275.365234
742     -31278.085938
743     -31280.783203
744     -31283.453125
745     -31286.093750
746     -31288.718750
747     -31291.335938
748     -31293.914062
749     -31296.488281
750     -31299.052734
751     -31301.607422
752     -31304.148438
753     -31306.664062
754     -31309.148438
755     -31311.625000
756     -31314.085938
757     -31316.542969
758     -31318.988281
759     -31321.417969
760     -31323.824219
761     -31326.216797
762     -31328.589844
763     -31330.941406
764     -31333.275391
765     -31335.582031
766     -31337.851562
767     -31340.093750
768     -31342.326172
769     -31344.550781
770     -31346.765625
771     -31348.964844
772     -31351.125000
773     -31353.277344
774     -31355.414062
775     -31357.546875
776     -31359.675781
777     -31361.785156
778     -31363.855469
779     -31365.916016
780     -31367.972656
781     -31370.011719
782     -31372.046875
783     -31374.078125
784     -31376.105469
785     -31378.119141
786     -31380.109375
787     -31382.074219
788     -31384.023438
789     -31385.972656
790     -31387.900391
791     -31389.822266
792     -31391.738281
793     -31393.644531
794     -31395.544922
795     -31397.437500
796     -31399.320312
797     -31401.199219
798     -31403.076172
799     -31404.947266
800     -31406.804688
801     -31408.640625
802     -31410.457031
803     -31412.250000
804     -31414.031250
805     -31415.804688
806     -31417.576172
807     -31419.341797
808     -31421.105469
809     -31422.839844
810     -31424.546875
811     -31426.248047
812     -31427.949219
813     -31429.644531
814     -31431.333984
815     -31432.994141
816     -31434.642578
817     -31436.289062
818     -31437.931641
819     -31439.570312
820     -31441.193359
821     -31442.808594
822     -31444.419922
823     -31446.015625
824     -31447.601562
825     -31449.181641
826     -31450.753906
827     -31452.320312
828     -31453.878906
829     -31455.421875
830     -31456.960938
831     -31458.501953
832     -31460.035156
833     -31461.546875
834     -31463.048828
835     -31464.550781
836     -31466.037109
837     -31467.503906
838     -31468.968750
839     -31470.414062
840     -31471.843750
841     -31473.265625
842     -31474.685547
843     -31476.097656
844     -31477.503906
845     -31478.906250
846     -31480.304688
847     -31481.703125
848     -31483.093750
849     -31484.486328
850     -31485.875000
851     -31487.257812
852     -31488.640625
853     -31489.976562
854     -31491.302734
855     -31492.617188
856     -31493.925781
857     -31495.234375
858     -31496.529297
859     -31497.810547
860     -31499.085938
861     -31500.355469
862     -31501.625000
863     -31502.894531
864     -31504.158203
865     -31505.417969
866     -31506.675781
867     -31507.927734
868     -31509.171875
869     -31510.410156
870     -31511.648438
871     -31512.867188
872     -31514.083984
873     -31515.296875
874     -31516.507812
875     -31517.714844
876     -31518.919922
877     -31520.111328
878     -31521.285156
879     -31522.460938
880     -31523.628906
881     -31524.792969
882     -31525.939453
883     -31527.066406
884     -31528.164062
885     -31529.251953
886     -31530.328125
887     -31531.386719
888     -31532.437500
889     -31533.488281
890     -31534.539062
891     -31535.585938
892     -31536.630859
893     -31537.675781
894     -31538.716797
895     -31539.757812
896     -31540.792969
897     -31541.828125
898     -31542.863281
899     -31543.894531
900     -31544.914062
901     -31545.935547
902     -31546.953125
903     -31547.972656
904     -31548.986328
905     -31549.998047
906     -31551.009766
907     -31552.015625
908     -31553.013672
909     -31554.009766
910     -31555.005859
911     -31555.996094
912     -31556.986328
913     -31557.960938
914     -31558.925781
915     -31559.890625
916     -31560.851562
917     -31561.789062
918     -31562.718750
919     -31563.644531
920     -31564.568359
921     -31565.492188
922     -31566.414062
923     -31567.335938
924     -31568.255859
925     -31569.171875
926     -31570.062500
927     -31570.955078
928     -31571.843750
929     -31572.726562
930     -31573.601562
931     -31574.472656
932     -31575.335938
933     -31576.191406
934     -31577.050781
935     -31577.902344
936     -31578.755859
937     -31579.599609
938     -31580.441406
939     -31581.279297
940     -31582.117188
941     -31582.955078
942     -31583.792969
943     -31584.628906
944     -31585.457031
945     -31586.283203
946     -31587.103516
947     -31587.914062
948     -31588.722656
949     -31589.529297
950     -31590.328125
951     -31591.117188
952     -31591.904297
953     -31592.679688
954     -31593.453125
955     -31594.230469
956     -31595.003906
957     -31595.777344
958     -31596.546875
959     -31597.320312
960     -31598.091797
961     -31598.863281
962     -31599.632812
963     -31600.402344
964     -31601.171875
965     -31601.941406
966     -31602.707031
967     -31603.474609
968     -31604.242188
969     -31605.003906
970     -31605.763672
971     -31606.523438
972     -31607.281250
973     -31608.039062
974     -31608.796875
975     -31609.550781
976     -31610.298828
977     -31611.046875
978     -31611.789062
979     -31612.533203
980     -31613.275391
981     -31614.019531
982     -31614.753906
983     -31615.488281
984     -31616.222656
985     -31616.960938
986     -31617.693359
987     -31618.429688
988     -31619.160156
989     -31619.894531
990     -31620.625000
991     -31621.351562
992     -31622.076172
993     -31622.800781
994     -31623.523438
995     -31624.244141
996     -31624.964844
997     -31625.683594
998     -31626.404297
999     -31627.125000
1000    -31627.843750
1001    -31628.560547
1002    -31629.281250
1003    -31629.996094
1004    -31630.710938
1005    -31631.427734
1006    -31632.142578
1007    -31632.857422
1008    -31633.572266
1009    -31634.281250
1010    -31634.996094
1011    -31635.707031
1012    -31636.414062
1013    -31637.121094
1014    -31637.828125
1015    -31638.535156
1016    -31639.238281
1017    -31639.933594
1018    -31640.625000
1019    -31641.316406
1020    -31642.005859
1021    -31642.693359
1022    -31643.382812
1023    -31644.070312
1024    -31644.757812
1025    -31645.445312
1026    -31646.128906
1027    -31646.814453
1028    -31647.500000
1029    -31648.181641
1030    -31648.867188
1031    -31649.546875
1032    -31650.230469
1033    -31650.910156
1034    -31651.589844
1035    -31652.269531
1036    -31652.947266
1037    -31653.625000
1038    -31654.304688
1039    -31654.980469
1040    -31655.656250
1041    -31656.332031
1042    -31657.005859
1043    -31657.679688
1044    -31658.351562
1045    -31659.025391
1046    -31659.695312
1047    -31660.365234
1048    -31661.035156
1049    -31661.705078
1050    -31662.373047
1051    -31663.039062
1052    -31663.707031
1053    -31664.373047
1054    -31665.039062
1055    -31665.701172
1056    -31666.363281
1057    -31667.023438
1058    -31667.683594
1059    -31668.343750
1060    -31669.000000
1061    -31669.652344
1062    -31670.292969
1063    -31670.933594
1064    -31671.576172
1065    -31672.214844
1066    -31672.855469
1067    -31673.492188
1068    -31674.128906
1069    -31674.765625
1070    -31675.402344
1071    -31676.035156
1072    -31676.667969
1073    -31677.302734
1074    -31677.935547
1075    -31678.564453
1076    -31679.195312
1077    -31679.824219
1078    -31680.453125
1079    -31681.078125
1080    -31681.705078
1081    -31682.332031
1082    -31682.953125
1083    -31683.574219
1084    -31684.195312
1085    -31684.816406
1086    -31685.433594
1087    -31686.046875
1088    -31686.658203
1089    -31687.267578
1090    -31687.875000
1091    -31688.476562
1092    -31689.080078
1093    -31689.679688
1094    -31690.285156
1095    -31690.882812
1096    -31691.480469
1097    -31692.082031
1098    -31692.675781
1099    -31693.269531
1100    -31693.851562
1101    -31694.429688
1102    -31695.007812
1103    -31695.582031
1104    -31696.156250
1105    -31696.730469
1106    -31697.304688
1107    -31697.875000
1108    -31698.445312
1109    -31699.015625
1110    -31699.585938
1111    -31700.154297
1112    -31700.720703
1113    -31701.285156
1114    -31701.849609
1115    -31702.414062
1116    -31702.976562
1117    -31703.537109
1118    -31704.097656
1119    -31704.642578
1120    -31705.167969
1121    -31705.687500
1122    -31706.205078
1123    -31706.722656
1124    -31707.238281
1125    -31707.753906
1126    -31708.269531
1127    -31708.781250
1128    -31709.294922
1129    -31709.806641
1130    -31710.316406
1131    -31710.826172
1132    -31711.333984
1133    -31711.841797
1134    -31712.345703
1135    -31712.843750
1136    -31713.343750
1137    -31713.839844
1138    -31714.335938
1139    -31714.832031
1140    -31715.326172
1141    -31715.820312
1142    -31716.312500
1143    -31716.804688
1144    -31717.291016
1145    -31717.781250
1146    -31718.269531
1147    -31718.757812
1148    -31719.242188
1149    -31719.726562
1150    -31720.207031
1151    -31720.691406
1152    -31721.171875
1153    -31721.650391
1154    -31722.123047
1155    -31722.593750
1156    -31723.064453
1157    -31723.531250
1158    -31724.000000
1159    -31724.464844
1160    -31724.929688
1161    -31725.394531
1162    -31725.855469
1163    -31726.316406
1164    -31726.775391
1165    -31727.234375
1166    -31727.691406
1167    -31728.148438
1168    -31728.601562
1169    -31729.058594
1170    -31729.507812
1171    -31729.960938
1172    -31730.410156
1173    -31730.859375
1174    -31731.308594
1175    -31731.753906
1176    -31732.199219
1177    -31732.642578
1178    -31733.085938
1179    -31733.527344
1180    -31733.964844
1181    -31734.402344
1182    -31734.837891
1183    -31735.271484
1184    -31735.697266
1185    -31736.117188
1186    -31736.539062
1187    -31736.958984
1188    -31737.376953
1189    -31737.787109
1190    -31738.195312
1191    -31738.599609
1192    -31739.005859
1193    -31739.410156
1194    -31739.814453
1195    -31740.214844
1196    -31740.617188
1197    -31741.015625
1198    -31741.414062
1199    -31741.808594
1200    -31742.201172
1201    -31742.591797
1202    -31742.984375
1203    -31743.375000
1204    -31743.761719
1205    -31744.148438
1206    -31744.535156
1207    -31744.919922
1208    -31745.304688
1209    -31745.685547
1210    -31746.066406
1211    -31746.447266
1212    -31746.826172
1213    -31747.205078
1214    -31747.582031
1215    -31747.957031
1216    -31748.328125
1217    -31748.695312
1218    -31749.062500
1219    -31749.427734
1220    -31749.792969
1221    -31750.156250
1222    -31750.519531
1223    -31750.880859
1224    -31751.242188
1225    -31751.601562
1226    -31751.958984
1227    -31752.316406
1228    -31752.671875
1229    -31753.025391
1230    -31753.380859
1231    -31753.732422
1232    -31754.083984
1233    -31754.433594
1234    -31754.785156
1235    -31755.132812
1236    -31755.480469
1237    -31755.826172
1238    -31756.171875
1239    -31756.507812
1240    -31756.835938
1241    -31757.164062
1242    -31757.490234
1243    -31757.816406
1244    -31758.140625
1245    -31758.457031
1246    -31758.775391
1247    -31759.089844
1248    -31759.406250
1249    -31759.718750
1250    -31760.031250
1251    -31760.339844
1252    -31760.650391
1253    -31760.957031
1254    -31761.265625
1255    -31761.570312
1256    -31761.875000
1257    -31762.181641
1258    -31762.484375
1259    -31762.789062
1260    -31763.089844
1261    -31763.390625
1262    -31763.691406
1263    -31763.986328
1264    -31764.281250
1265    -31764.578125
1266    -31764.867188
1267    -31765.160156
1268    -31765.453125
1269    -31765.742188
1270    -31766.035156
1271    -31766.324219
1272    -31766.609375
1273    -31766.898438
1274    -31767.181641
1275    -31767.468750
1276    -31767.753906
1277    -31768.035156
1278    -31768.320312
1279    -31768.601562
1280    -31768.882812
1281    -31769.164062
1282    -31769.441406
1283    -31769.722656
1284    -31770.000000
1285    -31770.277344
1286    -31770.554688
1287    -31770.828125
1288    -31771.105469
1289    -31771.378906
1290    -31771.652344
1291    -31771.925781
1292    -31772.195312
1293    -31772.464844
1294    -31772.736328
1295    -31773.005859
1296    -31773.275391
1297    -31773.542969
1298    -31773.808594
1299    -31774.074219
1300    -31774.341797
1301    -31774.607422
1302    -31774.871094
1303    -31775.134766
1304    -31775.398438
1305    -31775.660156
1306    -31775.921875
1307    -31776.181641
1308    -31776.441406
1309    -31776.701172
1310    -31776.960938
1311    -31777.218750
1312    -31777.476562
1313    -31777.732422
1314    -31777.988281
1315    -31778.242188
1316    -31778.496094
1317    -31778.750000
1318    -31779.000000
1319    -31779.248047
1320    -31779.496094
1321    -31779.742188
1322    -31779.990234
1323    -31780.238281
1324    -31780.482422
1325    -31780.730469
1326    -31780.972656
1327    -31781.216797
1328    -31781.460938
1329    -31781.703125
1330    -31781.945312
1331    -31782.187500
1332    -31782.427734
1333    -31782.669922
1334    -31782.910156
1335    -31783.148438
1336    -31783.386719
1337    -31783.625000
1338    -31783.863281
1339    -31784.099609
1340    -31784.335938
1341    -31784.574219
1342    -31784.808594
1343    -31785.042969
1344    -31785.277344
1345    -31785.511719
1346    -31785.744141
1347    -31785.976562
1348    -31786.210938
1349    -31786.441406
1350    -31786.671875
1351    -31786.898438
1352    -31787.128906
1353    -31787.355469
1354    -31787.585938
1355    -31787.812500
1356    -31788.035156
1357    -31788.261719
1358    -31788.488281
1359    -31788.712891
1360    -31788.937500
1361    -31789.154297
1362    -31789.373047
1363    -31789.589844
1364    -31789.808594
1365    -31790.023438
1366    -31790.240234
1367    -31790.457031
1368    -31790.667969
1369    -31790.882812
1370    -31791.091797
1371    -31791.302734
1372    -31791.513672
1373    -31791.722656
1374    -31791.931641
1375    -31792.140625
1376    -31792.347656
1377    -31792.558594
1378    -31792.763672
1379    -31792.970703
1380    -31793.177734
1381    -31793.380859
1382    -31793.583984
1383    -31793.785156
1384    -31793.990234
1385    -31794.191406
1386    -31794.394531
1387    -31794.593750
1388    -31794.792969
1389    -31794.986328
1390    -31795.177734
1391    -31795.373047
1392    -31795.562500
1393    -31795.755859
1394    -31795.947266
1395    -31796.138672
1396    -31796.328125
1397    -31796.519531
1398    -31796.710938
1399    -31796.900391
1400    -31797.089844
1401    -31797.269531
1402    -31797.453125
1403    -31797.630859
1404    -31797.810547
1405    -31797.990234
1406    -31798.167969
1407    -31798.347656
1408    -31798.527344
1409    -31798.707031
1410    -31798.875000
1411    -31799.042969
1412    -31799.210938
1413    -31799.376953
1414    -31799.546875
1415    -31799.714844
1416    -31799.880859
1417    -31800.046875
1418    -31800.210938
1419    -31800.380859
1420    -31800.546875
1421    -31800.712891
1422    -31800.878906
1423    -31801.044922
1424    -31801.210938
1425    -31801.376953
1426    -31801.541016
1427    -31801.707031
1428    -31801.871094
1429    -31802.037109
1430    -31802.199219
1431    -31802.367188
1432    -31802.531250
1433    -31802.695312
1434    -31802.859375
1435    -31803.019531
1436    -31803.179688
1437    -31803.339844
1438    -31803.501953
1439    -31803.660156
1440    -31803.820312
1441    -31803.978516
1442    -31804.140625
1443    -31804.300781
1444    -31804.460938
1445    -31804.617188
1446    -31804.779297
1447    -31804.937500
1448    -31805.097656
1449    -31805.253906
1450    -31805.414062
1451    -31805.574219
1452    -31805.730469
1453    -31805.888672
1454    -31806.046875
1455    -31806.205078
1456    -31806.363281
1457    -31806.519531
1458    -31806.675781
1459    -31806.835938
1460    -31806.992188
1461    -31807.150391
1462    -31807.304688
1463    -31807.462891
1464    -31807.619141
1465    -31807.775391
1466    -31807.933594
1467    -31808.089844
1468    -31808.244141
1469    -31808.402344
1470    -31808.558594
1471    -31808.712891
1472    -31808.869141
1473    -31809.025391
1474    -31809.179688
1475    -31809.335938
1476    -31809.490234
1477    -31809.644531
1478    -31809.800781
1479    -31809.957031
1480    -31810.109375
1481    -31810.265625
1482    -31810.417969
1483    -31810.570312
1484    -31810.726562
1485    -31810.880859
1486    -31811.033203
1487    -31811.187500
1488    -31811.339844
1489    -31811.494141
1490    -31811.648438
1491    -31811.800781
1492    -31811.953125
1493    -31812.105469
1494    -31812.257812
1495    -31812.410156
1496    -31812.562500
1497    -31812.714844
1498    -31812.867188
1499    -31813.017578
1500    -31813.169922
1501    -31813.322266
1502    -31813.470703
1503    -31813.613281
1504    -31813.757812
1505    -31813.900391
1506    -31814.042969
1507    -31814.185547
1508    -31814.328125
1509    -31814.470703
1510    -31814.613281
1511    -31814.753906
1512    -31814.888672
1513    -31815.023438
1514    -31815.156250
1515    -31815.291016
1516    -31815.423828
1517    -31815.558594
1518    -31815.691406
1519    -31815.824219
1520    -31815.957031
1521    -31816.089844
1522    -31816.222656
1523    -31816.355469
1524    -31816.488281
1525    -31816.621094
1526    -31816.753906
1527    -31816.886719
1528    -31817.017578
1529    -31817.150391
1530    -31817.281250
1531    -31817.414062
1532    -31817.542969
1533    -31817.675781
1534    -31817.806641
1535    -31817.937500
1536    -31818.070312
1537    -31818.201172
1538    -31818.332031
1539    -31818.464844
1540    -31818.591797
1541    -31818.722656
1542    -31818.853516
1543    -31818.982422
1544    -31819.113281
1545    -31819.242188
1546    -31819.373047
1547    -31819.501953
1548    -31819.632812
1549    -31819.761719
1550    -31819.890625
1551    -31820.019531
1552    -31820.148438
1553    -31820.277344
1554    -31820.404297
1555    -31820.533203
1556    -31820.662109
1557    -31820.789062
1558    -31820.917969
1559    -31821.044922
1560    -31821.167969
1561    -31821.292969
1562    -31821.414062
1563    -31821.539062
1564    -31821.660156
1565    -31821.785156
1566    -31821.906250
1567    -31822.027344
1568    -31822.148438
1569    -31822.269531
1570    -31822.394531
1571    -31822.515625
1572    -31822.636719
1573    -31822.759766
1574    -31822.878906
1575    -31823.001953
1576    -31823.121094
1577    -31823.244141
1578    -31823.365234
1579    -31823.484375
1580    -31823.605469
1581    -31823.726562
1582    -31823.847656
1583    -31823.964844
1584    -31824.085938
1585    -31824.207031
1586    -31824.326172
1587    -31824.445312
1588    -31824.566406
1589    -31824.683594
1590    -31824.804688
1591    -31824.921875
1592    -31825.039062
1593    -31825.160156
1594    -31825.279297
1595    -31825.398438
1596    -31825.515625
1597    -31825.632812
1598    -31825.750000
1599    -31825.871094
1600    -31825.988281
1601    -31826.103516
1602    -31826.220703
1603    -31826.339844
1604    -31826.457031
1605    -31826.572266
1606    -31826.691406
1607    -31826.808594
1608    -31826.923828
1609    -31827.041016
1610    -31827.156250
1611    -31827.273438
1612    -31827.388672
1613    -31827.505859
1614    -31827.621094
1615    -31827.738281
1616    -31827.851562
1617    -31827.966797
1618    -31828.082031
1619    -31828.197266
1620    -31828.312500
1621    -31828.427734
1622    -31828.542969
1623    -31828.656250
1624    -31828.769531
1625    -31828.884766
1626    -31829.000000
1627    -31829.113281
1628    -31829.226562
1629    -31829.343750
1630    -31829.457031
1631    -31829.570312
1632    -31829.683594
1633    -31829.796875
1634    -31829.908203
1635    -31830.021484
1636    -31830.132812
1637    -31830.248047
1638    -31830.359375
1639    -31830.468750
1640    -31830.578125
1641    -31830.687500
1642    -31830.794922
1643    -31830.902344
1644    -31831.011719
1645    -31831.121094
1646    -31831.226562
1647    -31831.339844
1648    -31831.443359
1649    -31831.552734
1650    -31831.660156
1651    -31831.767578
1652    -31831.875000
1653    -31831.982422
1654    -31832.091797
1655    -31832.199219
1656    -31832.304688
1657    -31832.414062
1658    -31832.519531
1659    -31832.625000
1660    -31832.734375
1661    -31832.839844
1662    -31832.945312
1663    -31833.050781
1664    -31833.158203
1665    -31833.265625
1666    -31833.371094
1667    -31833.478516
1668    -31833.585938
1669    -31833.689453
1670    -31833.796875
1671    -31833.902344
1672    -31834.007812
1673    -31834.113281
1674    -31834.218750
1675    -31834.324219
1676    -31834.429688
1677    -31834.535156
1678    -31834.640625
1679    -31834.748047
1680    -31834.851562
1681    -31834.957031
1682    -31835.062500
1683    -31835.166016
1684    -31835.271484
1685    -31835.376953
1686    -31835.480469
1687    -31835.585938
1688    -31835.691406
1689    -31835.794922
1690    -31835.900391
1691    -31836.003906
1692    -31836.111328
1693    -31836.214844
1694    -31836.320312
1695    -31836.421875
1696    -31836.527344
1697    -31836.630859
1698    -31836.736328
1699    -31836.839844
1700    -31836.945312
1701    -31837.046875
1702    -31837.154297
1703    -31837.257812
1704    -31837.363281
1705    -31837.468750
1706    -31837.570312
1707    -31837.677734
1708    -31837.781250
1709    -31837.886719
1710    -31837.990234
1711    -31838.093750
1712    -31838.199219
1713    -31838.304688
1714    -31838.406250
1715    -31838.511719
1716    -31838.613281
1717    -31838.718750
1718    -31838.824219
1719    -31838.927734
1720    -31839.031250
1721    -31839.136719
1722    -31839.238281
1723    -31839.343750
1724    -31839.449219
1725    -31839.552734
1726    -31839.656250
1727    -31839.761719
1728    -31839.867188
1729    -31839.968750
1730    -31840.074219
1731    -31840.179688
1732    -31840.283203
1733    -31840.388672
1734    -31840.494141
1735    -31840.601562
1736    -31840.705078
1737    -31840.810547
1738    -31840.914062
1739    -31841.021484
1740    -31841.126953
1741    -31841.230469
1742    -31841.339844
1743    -31841.445312
1744    -31841.550781
1745    -31841.656250
1746    -31841.763672
1747    -31841.869141
1748    -31841.976562
1749    -31842.082031
1750    -31842.191406
1751    -31842.294922
1752    -31842.402344
1753    -31842.505859
1754    -31842.613281
1755    -31842.718750
1756    -31842.826172
1757    -31842.933594
1758    -31843.039062
1759    -31843.144531
1760    -31843.253906
1761    -31843.359375
1762    -31843.468750
1763    -31843.578125
1764    -31843.683594
1765    -31843.792969
1766    -31843.902344
1767    -31844.011719
1768    -31844.121094
1769    -31844.230469
1770    -31844.337891
1771    -31844.449219
1772    -31844.560547
1773    -31844.671875
1774    -31844.781250
1775    -31844.894531
1776    -31845.003906
1777    -31845.117188
1778    -31845.230469
1779    -31845.339844
1780    -31845.453125
1781    -31845.564453
1782    -31845.673828
1783    -31845.787109
1784    -31845.900391
1785    -31846.013672
1786    -31846.125000
1787    -31846.238281
1788    -31846.353516
1789    -31846.466797
1790    -31846.582031
1791    -31846.697266
1792    -31846.814453
1793    -31846.929688
1794    -31847.044922
1795    -31847.160156
1796    -31847.275391
1797    -31847.386719
1798    -31847.501953
1799    -31847.617188
1800    -31847.730469
1801    -31847.847656
1802    -31847.960938
1803    -31848.078125
1804    -31848.193359
1805    -31848.312500
1806    -31848.425781
1807    -31848.546875
1808    -31848.664062
1809    -31848.785156
1810    -31848.904297
1811    -31849.023438
1812    -31849.144531
1813    -31849.265625
1814    -31849.386719
1815    -31849.511719
1816    -31849.632812
1817    -31849.755859
1818    -31849.878906
1819    -31850.003906
1820    -31850.128906
1821    -31850.255859
1822    -31850.378906
1823    -31850.507812
1824    -31850.632812
1825    -31850.761719
1826    -31850.890625
1827    -31851.019531
1828    -31851.150391
1829    -31851.279297
1830    -31851.410156
1831    -31851.542969
1832    -31851.671875
1833    -31851.806641
1834    -31851.937500
1835    -31852.074219
1836    -31852.207031
1837    -31852.341797
1838    -31852.476562
1839    -31852.613281
1840    -31852.750000
1841    -31852.886719
1842    -31853.025391
1843    -31853.156250
1844    -31853.289062
1845    -31853.417969
1846    -31853.550781
1847    -31853.687500
1848    -31853.820312
1849    -31853.957031
1850    -31854.089844
1851    -31854.226562
1852    -31854.363281
1853    -31854.500000
1854    -31854.636719
1855    -31854.775391
1856    -31854.914062
1857    -31855.050781
1858    -31855.191406
1859    -31855.332031
1860    -31855.472656
1861    -31855.613281
1862    -31855.753906
1863    -31855.896484
1864    -31856.039062
1865    -31856.183594
1866    -31856.324219
1867    -31856.472656
1868    -31856.613281
1869    -31856.757812
1870    -31856.904297
1871    -31857.050781
1872    -31857.195312
1873    -31857.341797
1874    -31857.488281
1875    -31857.638672
1876    -31857.783203
1877    -31857.929688
1878    -31858.076172
1879    -31858.222656
1880    -31858.367188
1881    -31858.511719
1882    -31858.660156
1883    -31858.808594
1884    -31858.955078
1885    -31859.101562
1886    -31859.250000
1887    -31859.398438
1888    -31859.546875
1889    -31859.695312
1890    -31859.845703
1891    -31859.994141
1892    -31860.140625
1893    -31860.292969
1894    -31860.443359
1895    -31860.589844
1896    -31860.742188
1897    -31860.892578
1898    -31861.042969
1899    -31861.191406
1900    -31861.341797
1901    -31861.496094
1902    -31861.644531
1903    -31861.796875
1904    -31861.947266
1905    -31862.097656
1906    -31862.248047
1907    -31862.394531
1908    -31862.544922
1909    -31862.693359
1910    -31862.839844
1911    -31862.990234
1912    -31863.140625
1913    -31863.287109
1914    -31863.437500
1915    -31863.585938
1916    -31863.734375
1917    -31863.882812
1918    -31864.033203
1919    -31864.179688
1920    -31864.328125
1921    -31864.478516
1922    -31864.625000
1923    -31864.773438
1924    -31864.921875
1925    -31865.072266
1926    -31865.218750
1927    -31865.367188
1928    -31865.515625
1929    -31865.666016
1930    -31865.812500
1931    -31865.960938
1932    -31866.107422
1933    -31866.253906
1934    -31866.402344
1935    -31866.548828
1936    -31866.695312
1937    -31866.843750
1938    -31866.988281
1939    -31867.136719
1940    -31867.281250
1941    -31867.429688
1942    -31867.576172
1943    -31867.720703
1944    -31867.867188
1945    -31868.011719
1946    -31868.156250
1947    -31868.304688
1948    -31868.449219
1949    -31868.593750
1950    -31868.738281
1951    -31868.884766
1952    -31869.027344
1953    -31869.171875
1954    -31869.314453
1955    -31869.457031
1956    -31869.603516
1957    -31869.746094
1958    -31869.888672
1959    -31870.031250
1960    -31870.171875
1961    -31870.312500
1962    -31870.453125
1963    -31870.591797
1964    -31870.730469
1965    -31870.871094
1966    -31871.007812
1967    -31871.144531
1968    -31871.283203
1969    -31871.423828
1970    -31871.562500
1971    -31871.697266
1972    -31871.835938
1973    -31871.972656
1974    -31872.109375
1975    -31872.246094
1976    -31872.384766
1977    -31872.519531
1978    -31872.656250
1979    -31872.791016
1980    -31872.927734
1981    -31873.062500
1982    -31873.199219
1983    -31873.335938
1984    -31873.468750
1985    -31873.603516
1986    -31873.738281
1987    -31873.871094
1988    -31874.007812
1989    -31874.138672
1990    -31874.267578
1991    -31874.396484
1992    -31874.523438
1993    -31874.650391
1994    -31874.777344
1995    -31874.902344
1996    -31875.031250
1997    -31875.156250
1998    -31875.281250
1999    -31875.408203
2000    -31875.533203
2001    -31875.660156
2002    -31875.785156
2003    -31875.910156
2004    -31876.035156
2005    -31876.160156
2006    -31876.285156
2007    -31876.410156
2008    -31876.535156
2009    -31876.660156
2010    -31876.783203
2011    -31876.908203
2012    -31877.033203
2013    -31877.156250
2014    -31877.281250
2015    -31877.404297
2016    -31877.529297
2017    -31877.652344
2018    -31877.777344
2019    -31877.898438
2020    -31878.023438
2021    -31878.146484
2022    -31878.269531
2023    -31878.394531
2024    -31878.515625
2025    -31878.640625
2026    -31878.761719
2027    -31878.886719
2028    -31879.007812
2029    -31879.132812
2030    -31879.255859
2031    -31879.378906
2032    -31879.501953
2033    -31879.621094
2034    -31879.742188
2035    -31879.861328
2036    -31879.982422
2037    -31880.101562
2038    -31880.222656
2039    -31880.343750
2040    -31880.464844
2041    -31880.583984
2042    -31880.703125
2043    -31880.824219
2044    -31880.945312
2045    -31881.066406
2046    -31881.185547
2047    -31881.306641
2048    -31881.427734
2049    -31881.546875
2050    -31881.667969
2051    -31881.791016
2052    -31881.910156
2053    -31882.031250
2054    -31882.154297
2055    -31882.275391
2056    -31882.396484
2057    -31882.519531
2058    -31882.642578
2059    -31882.761719
2060    -31882.884766
2061    -31883.007812
2062    -31883.128906
2063    -31883.251953
2064    -31883.375000
2065    -31883.496094
2066    -31883.621094
2067    -31883.744141
2068    -31883.867188
2069    -31883.992188
2070    -31884.117188
2071    -31884.240234
2072    -31884.363281
2073    -31884.488281
2074    -31884.611328
2075    -31884.738281
2076    -31884.863281
2077    -31884.988281
2078    -31885.115234
2079    -31885.240234
2080    -31885.365234
2081    -31885.492188
2082    -31885.619141
2083    -31885.746094
2084    -31885.875000
2085    -31886.000000
2086    -31886.128906
2087    -31886.255859
2088    -31886.386719
2089    -31886.513672
2090    -31886.644531
2091    -31886.771484
2092    -31886.902344
2093    -31887.031250
2094    -31887.162109
2095    -31887.292969
2096    -31887.423828
2097    -31887.556641
2098    -31887.685547
2099    -31887.820312
2100    -31887.953125
2101    -31888.083984
2102    -31888.214844
2103    -31888.351562
2104    -31888.484375
2105    -31888.617188
2106    -31888.753906
2107    -31888.886719
2108    -31889.023438
2109    -31889.160156
2110    -31889.292969
2111    -31889.429688
2112    -31889.566406
2113    -31889.703125
2114    -31889.841797
2115    -31889.980469
2116    -31890.119141
2117    -31890.257812
2118    -31890.398438
2119    -31890.535156
2120    -31890.675781
2121    -31890.816406
2122    -31890.957031
2123    -31891.097656
2124    -31891.238281
2125    -31891.382812
2126    -31891.525391
2127    -31891.667969
2128    -31891.808594
2129    -31891.953125
2130    -31892.097656
2131    -31892.242188
2132    -31892.386719
2133    -31892.531250
2134    -31892.679688
2135    -31892.824219
2136    -31892.970703
2137    -31893.117188
2138    -31893.267578
2139    -31893.414062
2140    -31893.562500
2141    -31893.710938
2142    -31893.861328
2143    -31894.009766
2144    -31894.160156
2145    -31894.312500
2146    -31894.460938
2147    -31894.613281
2148    -31894.765625
2149    -31894.917969
2150    -31895.070312
2151    -31895.224609
2152    -31895.378906
2153    -31895.531250
2154    -31895.685547
2155    -31895.843750
2156    -31895.996094
2157    -31896.152344
2158    -31896.308594
2159    -31896.464844
2160    -31896.623047
2161    -31896.781250
2162    -31896.937500
2163    -31897.091797
2164    -31897.244141
2165    -31897.394531
2166    -31897.550781
2167    -31897.703125
2168    -31897.855469
2169    -31898.011719
2170    -31898.167969
2171    -31898.322266
2172    -31898.478516
2173    -31898.634766
2174    -31898.791016
2175    -31898.949219
2176    -31899.105469
2177    -31899.263672
2178    -31899.421875
2179    -31899.582031
2180    -31899.742188
2181    -31899.900391
2182    -31900.060547
2183    -31900.222656
2184    -31900.382812
2185    -31900.542969
2186    -31900.707031
2187    -31900.869141
2188    -31901.031250
2189    -31901.195312
2190    -31901.357422
2191    -31901.523438
2192    -31901.687500
2193    -31901.851562
2194    -31902.015625
2195    -31902.183594
2196    -31902.351562
2197    -31902.513672
2198    -31902.673828
2199    -31902.832031
2200    -31902.992188
2201    -31903.152344
2202    -31903.308594
2203    -31903.468750
2204    -31903.628906
2205    -31903.787109
2206    -31903.945312
2207    -31904.105469
2208    -31904.265625
2209    -31904.427734
2210    -31904.589844
2211    -31904.750000
2212    -31904.912109
2213    -31905.072266
2214    -31905.234375
2215    -31905.398438
2216    -31905.560547
2217    -31905.722656
2218    -31905.886719
2219    -31906.050781
2220    -31906.210938
2221    -31906.375000
2222    -31906.539062
2223    -31906.703125
2224    -31906.867188
2225    -31907.031250
2226    -31907.197266
2227    -31907.363281
2228    -31907.527344
2229    -31907.691406
2230    -31907.857422
2231    -31908.021484
2232    -31908.187500
2233    -31908.353516
2234    -31908.519531
2235    -31908.683594
2236    -31908.851562
2237    -31909.015625
2238    -31909.181641
2239    -31909.349609
2240    -31909.513672
2241    -31909.679688
2242    -31909.847656
2243    -31910.011719
2244    -31910.179688
2245    -31910.343750
2246    -31910.509766
2247    -31910.673828
2248    -31910.837891
2249    -31911.001953
2250    -31911.166016
2251    -31911.330078
2252    -31911.496094
2253    -31911.658203
2254    -31911.822266
2255    -31911.984375
2256    -31912.148438
2257    -31912.312500
2258    -31912.474609
2259    -31912.640625
2260    -31912.802734
2261    -31912.966797
2262    -31913.128906
2263    -31913.291016
2264    -31913.453125
2265    -31913.617188
2266    -31913.777344
2267    -31913.939453
2268    -31914.101562
2269    -31914.259766
2270    -31914.421875
2271    -31914.580078
2272    -31914.738281
2273    -31914.896484
2274    -31915.054688
2275    -31915.214844
2276    -31915.375000
2277    -31915.531250
2278    -31915.689453
2279    -31915.847656
2280    -31916.003906
2281    -31916.162109
2282    -31916.318359
2283    -31916.476562
2284    -31916.630859
2285    -31916.785156
2286    -31916.941406
2287    -31917.097656
2288    -31917.250000
2289    -31917.408203
2290    -31917.560547
2291    -31917.714844
2292    -31917.869141
2293    -31918.023438
2294    -31918.175781
2295    -31918.328125
2296    -31918.480469
2297    -31918.632812
2298    -31918.787109
2299    -31918.937500
2300    -31919.089844
2301    -31919.240234
2302    -31919.390625
2303    -31919.541016
2304    -31919.691406
2305    -31919.839844
2306    -31919.990234
2307    -31920.140625
2308    -31920.289062
2309    -31920.437500
2310    -31920.578125
2311    -31920.718750
2312    -31920.863281
2313    -31921.001953
2314    -31921.144531
2315    -31921.285156
2316    -31921.425781
2317    -31921.562500
2318    -31921.707031
2319    -31921.843750
2320    -31921.980469
2321    -31922.119141
2322    -31922.257812
2323    -31922.398438
2324    -31922.533203
2325    -31922.669922
2326    -31922.808594
2327    -31922.945312
2328    -31923.080078
2329    -31923.218750
2330    -31923.355469
2331    -31923.488281
2332    -31923.625000
2333    -31923.757812
2334    -31923.894531
2335    -31924.027344
2336    -31924.162109
2337    -31924.296875
2338    -31924.429688
2339    -31924.562500
2340    -31924.697266
2341    -31924.830078
2342    -31924.960938
2343    -31925.093750
2344    -31925.226562
2345    -31925.357422
2346    -31925.490234
2347    -31925.621094
2348    -31925.751953
2349    -31925.882812
2350    -31926.013672
2351    -31926.142578
2352    -31926.273438
2353    -31926.404297
2354    -31926.533203
2355    -31926.664062
2356    -31926.792969
2357    -31926.921875
2358    -31927.050781
2359    -31927.179688
2360    -31927.306641
2361    -31927.433594
2362    -31927.562500
2363    -31927.691406
2364    -31927.818359
2365    -31927.943359
2366    -31928.070312
2367    -31928.199219
2368    -31928.326172
2369    -31928.451172
2370    -31928.578125
2371    -31928.703125
2372    -31928.828125
2373    -31928.955078
2374    -31929.080078
2375    -31929.203125
2376    -31929.328125
2377    -31929.453125
2378    -31929.578125
2379    -31929.701172
2380    -31929.826172
2381    -31929.949219
2382    -31930.072266
2383    -31930.195312
2384    -31930.318359
2385    -31930.441406
2386    -31930.564453
2387    -31930.687500
2388    -31930.808594
2389    -31930.929688
2390    -31931.054688
2391    -31931.175781
2392    -31931.289062
2393    -31931.402344
2394    -31931.519531
2395    -31931.632812
2396    -31931.742188
2397    -31931.855469
2398    -31931.962891
2399    -31932.074219
2400    -31932.181641
2401    -31932.292969
2402    -31932.402344
2403    -31932.509766
2404    -31932.621094
2405    -31932.726562
2406    -31932.835938
2407    -31932.939453
2408    -31933.042969
2409    -31933.146484
2410    -31933.251953
2411    -31933.355469
2412    -31933.457031
2413    -31933.562500
2414    -31933.666016
2415    -31933.765625
2416    -31933.871094
2417    -31933.972656
2418    -31934.076172
2419    -31934.179688
2420    -31934.277344
2421    -31934.378906
2422    -31934.480469
2423    -31934.582031
2424    -31934.685547
2425    -31934.785156
2426    -31934.886719
2427    -31934.984375
2428    -31935.085938
2429    -31935.183594
2430    -31935.285156
2431    -31935.384766
2432    -31935.484375
2433    -31935.582031
2434    -31935.681641
2435    -31935.781250
2436    -31935.878906
2437    -31935.976562
2438    -31936.076172
2439    -31936.173828
2440    -31936.271484
2441    -31936.369141
2442    -31936.466797
2443    -31936.562500
2444    -31936.660156
2445    -31936.757812
2446    -31936.853516
2447    -31936.949219
2448    -31937.046875
2449    -31937.142578
2450    -31937.240234
2451    -31937.335938
2452    -31937.431641
2453    -31937.527344
2454    -31937.625000
2455    -31937.718750
2456    -31937.812500
2457    -31937.910156
2458    -31938.003906
2459    -31938.099609
2460    -31938.195312
2461    -31938.289062
2462    -31938.384766
2463    -31938.478516
2464    -31938.574219
2465    -31938.666016
2466    -31938.753906
2467    -31938.843750
2468    -31938.929688
2469    -31939.019531
2470    -31939.107422
2471    -31939.195312
2472    -31939.285156
2473    -31939.371094
2474    -31939.457031
2475    -31939.542969
2476    -31939.628906
2477    -31939.714844
2478    -31939.802734
2479    -31939.890625
2480    -31939.976562
2481    -31940.062500
2482    -31940.150391
2483    -31940.234375
2484    -31940.324219
2485    -31940.410156
2486    -31940.496094
2487    -31940.583984
2488    -31940.669922
2489    -31940.757812
2490    -31940.843750
2491    -31940.931641
2492    -31941.019531
2493    -31941.105469
2494    -31941.195312
2495    -31941.281250
2496    -31941.369141
2497    -31941.457031
2498    -31941.542969
2499    -31941.632812
2500    -31941.720703
2501    -31941.808594
2502    -31941.898438
2503    -31941.984375
2504    -31942.074219
2505    -31942.162109
2506    -31942.253906
2507    -31942.341797
2508    -31942.429688
2509    -31942.521484
2510    -31942.611328
2511    -31942.701172
2512    -31942.789062
2513    -31942.882812
2514    -31942.972656
2515    -31943.062500
2516    -31943.154297
2517    -31943.236328
2518    -31943.320312
2519    -31943.402344
2520    -31943.484375
2521    -31943.568359
2522    -31943.650391
2523    -31943.734375
2524    -31943.818359
2525    -31943.902344
2526    -31943.988281
2527    -31944.074219
2528    -31944.160156
2529    -31944.244141
2530    -31944.330078
2531    -31944.417969
2532    -31944.501953
2533    -31944.591797
2534    -31944.679688
2535    -31944.765625
2536    -31944.851562
2537    -31944.941406
2538    -31945.031250
2539    -31945.117188
2540    -31945.207031
2541    -31945.296875
2542    -31945.386719
2543    -31945.476562
2544    -31945.568359
2545    -31945.660156
2546    -31945.751953
2547    -31945.841797
2548    -31945.933594
2549    -31946.027344
2550    -31946.121094
2551    -31946.212891
2552    -31946.306641
2553    -31946.402344
2554    -31946.496094
2555    -31946.591797
2556    -31946.687500
2557    -31946.781250
2558    -31946.878906
2559    -31946.976562
2560    -31947.074219
2561    -31947.167969
2562    -31947.269531
2563    -31947.365234
2564    -31947.464844
2565    -31947.564453
2566    -31947.664062
2567    -31947.765625
2568    -31947.865234
2569    -31947.968750
2570    -31948.068359
2571    -31948.169922
2572    -31948.271484
2573    -31948.375000
2574    -31948.480469
2575    -31948.582031
2576    -31948.685547
2577    -31948.789062
2578    -31948.894531
2579    -31948.996094
2580    -31949.101562
2581    -31949.203125
2582    -31949.310547
2583    -31949.416016
2584    -31949.523438
2585    -31949.628906
2586    -31949.738281
2587    -31949.845703
2588    -31949.953125
2589    -31950.060547
2590    -31950.169922
2591    -31950.281250
2592    -31950.390625
2593    -31950.503906
2594    -31950.613281
2595    -31950.726562
2596    -31950.835938
2597    -31950.951172
2598    -31951.064453
2599    -31951.177734
2600    -31951.292969
2601    -31951.406250
2602    -31951.523438
2603    -31951.640625
2604    -31951.755859
2605    -31951.873047
2606    -31951.990234
2607    -31952.109375
2608    -31952.226562
2609    -31952.347656
2610    -31952.466797
2611    -31952.585938
2612    -31952.707031
2613    -31952.828125
2614    -31952.949219
2615    -31953.070312
2616    -31953.193359
2617    -31953.316406
2618    -31953.441406
2619    -31953.562500
2620    -31953.687500
2621    -31953.812500
2622    -31953.937500
2623    -31954.062500
2624    -31954.189453
2625    -31954.316406
2626    -31954.443359
2627    -31954.574219
2628    -31954.703125
2629    -31954.832031
2630    -31954.960938
2631    -31955.089844
2632    -31955.222656
2633    -31955.353516
2634    -31955.488281
2635    -31955.621094
2636    -31955.753906
2637    -31955.886719
2638    -31956.021484
2639    -31956.156250
2640    -31956.289062
2641    -31956.423828
2642    -31956.558594
2643    -31956.695312
2644    -31956.832031
2645    -31956.968750
2646    -31957.107422
2647    -31957.244141
2648    -31957.384766
2649    -31957.521484
2650    -31957.664062
2651    -31957.802734
2652    -31957.943359
2653    -31958.085938
2654    -31958.228516
2655    -31958.371094
2656    -31958.513672
2657    -31958.656250
2658    -31958.802734
2659    -31958.947266
2660    -31959.093750
2661    -31959.238281
2662    -31959.386719
2663    -31959.533203
2664    -31959.681641
2665    -31959.832031
2666    -31959.980469
2667    -31960.128906
2668    -31960.279297
2669    -31960.429688
2670    -31960.580078
2671    -31960.734375
2672    -31960.884766
2673    -31961.037109
2674    -31961.191406
2675    -31961.343750
2676    -31961.498047
2677    -31961.654297
2678    -31961.808594
2679    -31961.964844
2680    -31962.121094
2681    -31962.277344
2682    -31962.433594
2683    -31962.593750
2684    -31962.750000
2685    -31962.910156
2686    -31963.070312
2687    -31963.228516
2688    -31963.390625
2689    -31963.550781
2690    -31963.710938
2691    -31963.875000
2692    -31964.035156
2693    -31964.197266
2694    -31964.359375
2695    -31964.523438
2696    -31964.687500
2697    -31964.851562
2698    -31965.017578
2699    -31965.183594
2700    -31965.347656
2701    -31965.513672
2702    -31965.679688
2703    -31965.847656
2704    -31966.013672
2705    -31966.181641
2706    -31966.351562
2707    -31966.515625
2708    -31966.687500
2709    -31966.855469
2710    -31967.027344
2711    -31967.195312
2712    -31967.363281
2713    -31967.535156
2714    -31967.705078
2715    -31967.876953
2716    -31968.050781
2717    -31968.220703
2718    -31968.390625
2719    -31968.558594
2720    -31968.722656
2721    -31968.886719
2722    -31969.050781
2723    -31969.214844
2724    -31969.378906
2725    -31969.542969
2726    -31969.708984
2727    -31969.875000
2728    -31970.039062
2729    -31970.205078
2730    -31970.373047
2731    -31970.539062
2732    -31970.703125
2733    -31970.871094
2734    -31971.039062
2735    -31971.207031
2736    -31971.375000
2737    -31971.542969
2738    -31971.710938
2739    -31971.878906
2740    -31972.046875
2741    -31972.216797
2742    -31972.386719
2743    -31972.552734
2744    -31972.718750
2745    -31972.888672
2746    -31973.056641
2747    -31973.226562
2748    -31973.396484
2749    -31973.564453
2750    -31973.734375
2751    -31973.902344
2752    -31974.070312
2753    -31974.240234
2754    -31974.410156
2755    -31974.582031
2756    -31974.750000
2757    -31974.917969
2758    -31975.089844
2759    -31975.259766
2760    -31975.429688
2761    -31975.601562
2762    -31975.773438
2763    -31975.943359
2764    -31976.113281
2765    -31976.285156
2766    -31976.457031
2767    -31976.626953
2768    -31976.796875
2769    -31976.968750
2770    -31977.144531
2771    -31977.316406
2772    -31977.486328
2773    -31977.658203
2774    -31977.828125
2775    -31978.003906
2776    -31978.175781
2777    -31978.347656
2778    -31978.519531
2779    -31978.691406
2780    -31978.863281
2781    -31979.039062
2782    -31979.210938
2783    -31979.384766
2784    -31979.554688
2785    -31979.726562
2786    -31979.902344
2787    -31980.076172
2788    -31980.250000
2789    -31980.421875
2790    -31980.597656
2791    -31980.767578
2792    -31980.945312
2793    -31981.115234
2794    -31981.289062
2795    -31981.464844
2796    -31981.638672
2797    -31981.812500
2798    -31981.986328
2799    -31982.160156
2800    -31982.333984
2801    -31982.507812
2802    -31982.681641
2803    -31982.855469
2804    -31983.031250
2805    -31983.203125
2806    -31983.378906
2807    -31983.554688
2808    -31983.726562
2809    -31983.902344
2810    -31984.076172
2811    -31984.250000
2812    -31984.423828
2813    -31984.597656
2814    -31984.773438
2815    -31984.945312
2816    -31985.121094
2817    -31985.294922
2818    -31985.468750
2819    -31985.642578
2820    -31985.816406
2821    -31985.988281
2822    -31986.164062
2823    -31986.337891
2824    -31986.509766
2825    -31986.683594
2826    -31986.855469
2827    -31987.033203
2828    -31987.207031
2829    -31987.378906
2830    -31987.550781
2831    -31987.724609
2832    -31987.898438
2833    -31988.070312
2834    -31988.244141
2835    -31988.414062
2836    -31988.589844
2837    -31988.759766
2838    -31988.929688
2839    -31989.105469
2840    -31989.275391
2841    -31989.445312
2842    -31989.617188
2843    -31989.789062
2844    -31989.960938
2845    -31990.132812
2846    -31990.300781
2847    -31990.472656
2848    -31990.640625
2849    -31990.812500
2850    -31990.980469
2851    -31991.152344
2852    -31991.320312
2853    -31991.490234
2854    -31991.656250
2855    -31991.826172
2856    -31991.992188
2857    -31992.160156
2858    -31992.328125
2859    -31992.496094
2860    -31992.664062
2861    -31992.830078
2862    -31992.996094
2863    -31993.160156
2864    -31993.328125
2865    -31993.492188
2866    -31993.656250
2867    -31993.820312
2868    -31993.986328
2869    -31994.146484
2870    -31994.310547
2871    -31994.472656
2872    -31994.636719
2873    -31994.798828
2874    -31994.958984
2875    -31995.109375
2876    -31995.261719
2877    -31995.414062
2878    -31995.562500
2879    -31995.714844
2880    -31995.865234
2881    -31996.011719
2882    -31996.164062
2883    -31996.312500
2884    -31996.460938
2885    -31996.607422
2886    -31996.753906
2887    -31996.902344
2888    -31997.048828
2889    -31997.195312
2890    -31997.339844
2891    -31997.484375
2892    -31997.630859
2893    -31997.775391
2894    -31997.917969
2895    -31998.060547
2896    -31998.203125
2897    -31998.347656
2898    -31998.484375
2899    -31998.623047
2900    -31998.759766
2901    -31998.888672
2902    -31999.019531
2903    -31999.146484
2904    -31999.275391
2905    -31999.402344
2906    -31999.527344
2907    -31999.656250
2908    -31999.781250
2909    -31999.908203
2910    -32000.031250
2911    -32000.156250
2912    -32000.279297
2913    -32000.402344
2914    -32000.525391
2915    -32000.648438
2916    -32000.769531
2917    -32000.890625
2918    -32001.011719
2919    -32001.132812
2920    -32001.253906
2921    -32001.371094
2922    -32001.490234
2923    -32001.609375
2924    -32001.726562
2925    -32001.843750
2926    -32001.958984
2927    -32002.078125
2928    -32002.191406
2929    -32002.308594
2930    -32002.423828
2931    -32002.537109
2932    -32002.652344
2933    -32002.763672
2934    -32002.876953
2935    -32002.990234
2936    -32003.099609
2937    -32003.212891
2938    -32003.324219
2939    -32003.433594
2940    -32003.542969
2941    -32003.652344
2942    -32003.761719
2943    -32003.871094
2944    -32003.978516
2945    -32004.085938
2946    -32004.191406
2947    -32004.298828
2948    -32004.404297
2949    -32004.509766
2950    -32004.615234
2951    -32004.718750
2952    -32004.824219
2953    -32004.929688
2954    -32005.031250
2955    -32005.132812
2956    -32005.236328
2957    -32005.337891
2958    -32005.441406
2959    -32005.539062
2960    -32005.640625
2961    -32005.740234
2962    -32005.839844
2963    -32005.941406
2964    -32006.039062
2965    -32006.136719
2966    -32006.234375
2967    -32006.332031
2968    -32006.429688
2969    -32006.527344
2970    -32006.621094
2971    -32006.718750
2972    -32006.812500
2973    -32006.908203
2974    -32007.003906
2975    -32007.097656
2976    -32007.191406
2977    -32007.285156
2978    -32007.376953
2979    -32007.468750
2980    -32007.562500
2981    -32007.652344
2982    -32007.746094
2983    -32007.835938
2984    -32007.925781
2985    -32008.013672
2986    -32008.101562
2987    -32008.189453
2988    -32008.277344
2989    -32008.363281
2990    -32008.449219
2991    -32008.537109
2992    -32008.625000
2993    -32008.710938
2994    -32008.794922
2995    -32008.878906
2996    -32008.951172
2997    -32009.025391
2998    -32009.097656
2999    -32009.171875
3000    -32009.246094
3001    -32009.318359
3002    -32009.390625
3003    -32009.460938
3004    -32009.533203
3005    -32009.605469
3006    -32009.675781
3007    -32009.748047
3008    -32009.818359
3009    -32009.890625
3010    -32009.960938
3011    -32010.029297
3012    -32010.099609
3013    -32010.167969
3014    -32010.238281
3015    -32010.306641
3016    -32010.376953
3017    -32010.445312
3018    -32010.511719
3019    -32010.582031
3020    -32010.650391
3021    -32010.718750
3022    -32010.785156
3023    -32010.851562
3024    -32010.919922
3025    -32010.988281
3026    -32011.052734
3027    -32011.121094
3028    -32011.187500
3029    -32011.253906
3030    -32011.320312
3031    -32011.384766
3032    -32011.451172
3033    -32011.517578
3034    -32011.582031
3035    -32011.646484
3036    -32011.712891
3037    -32011.777344
3038    -32011.843750
3039    -32011.906250
3040    -32011.972656
3041    -32012.035156
3042    -32012.097656
3043    -32012.162109
3044    -32012.226562
3045    -32012.291016
3046    -32012.353516
3047    -32012.417969
3048    -32012.482422
3049    -32012.542969
3050    -32012.607422
3051    -32012.669922
3052    -32012.732422
3053    -32012.794922
3054    -32012.859375
3055    -32012.919922
3056    -32012.984375
3057    -32013.044922
3058    -32013.107422
3059    -32013.167969
3060    -32013.230469
3061    -32013.292969
3062    -32013.355469
3063    -32013.417969
3064    -32013.478516
3065    -32013.539062
3066    -32013.601562
3067    -32013.662109
3068    -32013.724609
3069    -32013.787109
3070    -32013.847656
3071    -32013.910156
3072    -32013.968750
3073    -32014.029297
3074    -32014.091797
3075    -32014.152344
3076    -32014.212891
3077    -32014.273438
3078    -32014.333984
3079    -32014.396484
3080    -32014.457031
3081    -32014.519531
3082    -32014.578125
3083    -32014.640625
3084    -32014.699219
3085    -32014.761719
3086    -32014.822266
3087    -32014.882812
3088    -32014.941406
3089    -32015.003906
3090    -32015.066406
3091    -32015.126953
3092    -32015.187500
3093    -32015.246094
3094    -32015.308594
3095    -32015.371094
3096    -32015.431641
3097    -32015.492188
3098    -32015.550781
3099    -32015.613281
3100    -32015.671875
3101    -32015.732422
3102    -32015.791016
3103    -32015.851562
3104    -32015.910156
3105    -32015.968750
3106    -32016.019531
3107    -32016.074219
3108    -32016.126953
3109    -32016.179688
3110    -32016.232422
3111    -32016.283203
3112    -32016.335938
3113    -32016.386719
3114    -32016.441406
3115    -32016.492188
3116    -32016.546875
3117    -32016.601562
3118    -32016.654297
3119    -32016.707031
3120    -32016.759766
3121    -32016.812500
3122    -32016.867188
3123    -32016.921875
3124    -32016.976562
3125    -32017.031250
3126    -32017.085938
3127    -32017.140625
3128    -32017.195312
3129    -32017.250000
3130    -32017.308594
3131    -32017.365234
3132    -32017.417969
3133    -32017.476562
3134    -32017.531250
3135    -32017.589844
3136    -32017.646484
3137    -32017.705078
3138    -32017.761719
3139    -32017.820312
3140    -32017.878906
3141    -32017.937500
3142    -32017.996094
3143    -32018.054688
3144    -32018.115234
3145    -32018.175781
3146    -32018.234375
3147    -32018.294922
3148    -32018.355469
3149    -32018.416016
3150    -32018.480469
3151    -32018.541016
3152    -32018.603516
3153    -32018.667969
3154    -32018.730469
3155    -32018.792969
3156    -32018.855469
3157    -32018.919922
3158    -32018.984375
3159    -32019.050781
3160    -32019.117188
3161    -32019.183594
3162    -32019.250000
3163    -32019.316406
3164    -32019.386719
3165    -32019.453125
3166    -32019.519531
3167    -32019.589844
3168    -32019.658203
3169    -32019.726562
3170    -32019.796875
3171    -32019.867188
3172    -32019.939453
3173    -32020.011719
3174    -32020.082031
3175    -32020.156250
3176    -32020.230469
3177    -32020.304688
3178    -32020.378906
3179    -32020.455078
3180    -32020.531250
3181    -32020.605469
3182    -32020.683594
3183    -32020.761719
3184    -32020.839844
3185    -32020.917969
3186    -32020.996094
3187    -32021.078125
3188    -32021.160156
3189    -32021.240234
3190    -32021.322266
3191    -32021.406250
3192    -32021.488281
3193    -32021.574219
3194    -32021.660156
3195    -32021.746094
3196    -32021.832031
3197    -32021.910156
3198    -32021.990234
3199    -32022.070312
3200    -32022.152344
3201    -32022.232422
3202    -32022.314453
3203    -32022.400391
3204    -32022.484375
3205    -32022.566406
3206    -32022.656250
3207    -32022.742188
3208    -32022.828125
3209    -32022.917969
3210    -32023.007812
3211    -32023.097656
3212    -32023.187500
3213    -32023.281250
3214    -32023.375000
3215    -32023.468750
3216    -32023.562500
3217    -32023.658203
3218    -32023.753906
3219    -32023.851562
3220    -32023.953125
3221    -32024.048828
3222    -32024.150391
3223    -32024.253906
3224    -32024.355469
3225    -32024.458984
3226    -32024.562500
3227    -32024.667969
3228    -32024.773438
3229    -32024.882812
3230    -32024.988281
3231    -32025.101562
3232    -32025.207031
3233    -32025.320312
3234    -32025.433594
3235    -32025.546875
3236    -32025.660156
3237    -32025.777344
3238    -32025.892578
3239    -32026.011719
3240    -32026.128906
3241    -32026.248047
3242    -32026.367188
3243    -32026.490234
3244    -32026.613281
3245    -32026.738281
3246    -32026.861328
3247    -32026.986328
3248    -32027.113281
3249    -32027.242188
3250    -32027.371094
3251    -32027.500000
3252    -32027.632812
3253    -32027.763672
3254    -32027.896484
3255    -32028.029297
3256    -32028.164062
3257    -32028.298828
3258    -32028.435547
3259    -32028.572266
3260    -32028.710938
3261    -32028.851562
3262    -32028.992188
3263    -32029.132812
3264    -32029.273438
3265    -32029.417969
3266    -32029.562500
3267    -32029.707031
3268    -32029.851562
3269    -32030.000000
3270    -32030.148438
3271    -32030.292969
3272    -32030.445312
3273    -32030.593750
3274    -32030.742188
3275    -32030.894531
3276    -32031.046875
3277    -32031.199219
3278    -32031.351562
3279    -32031.507812
3280    -32031.660156
3281    -32031.814453
3282    -32031.968750
3283    -32032.126953
3284    -32032.285156
3285    -32032.441406
3286    -32032.597656
3287    -32032.755859
3288    -32032.914062
3289    -32033.076172
3290    -32033.234375
3291    -32033.394531
3292    -32033.554688
3293    -32033.714844
3294    -32033.875000
3295    -32034.039062
3296    -32034.197266
3297    -32034.359375
3298    -32034.521484
3299    -32034.683594
3300    -32034.847656
3301    -32035.009766
3302    -32035.173828
3303    -32035.337891
3304    -32035.498047
3305    -32035.664062
3306    -32035.824219
3307    -32035.990234
3308    -32036.152344
3309    -32036.316406
3310    -32036.478516
3311    -32036.642578
3312    -32036.802734
3313    -32036.968750
3314    -32037.130859
3315    -32037.292969
3316    -32037.457031
3317    -32037.617188
3318    -32037.779297
3319    -32037.937500
3320    -32038.101562
3321    -32038.263672
3322    -32038.425781
3323    -32038.583984
3324    -32038.744141
3325    -32038.904297
3326    -32039.062500
3327    -32039.222656
3328    -32039.380859
3329    -32039.539062
3330    -32039.699219
3331    -32039.855469
3332    -32040.011719
3333    -32040.167969
3334    -32040.324219
3335    -32040.480469
3336    -32040.634766
3337    -32040.789062
3338    -32040.941406
3339    -32041.095703
3340    -32041.250000
3341    -32041.402344
3342    -32041.554688
3343    -32041.703125
3344    -32041.853516
3345    -32042.003906
3346    -32042.154297
3347    -32042.300781
3348    -32042.449219
3349    -32042.595703
3350    -32042.744141
3351    -32042.890625
3352    -32043.035156
3353    -32043.179688
3354    -32043.322266
3355    -32043.464844
3356    -32043.609375
3357    -32043.751953
3358    -32043.890625
3359    -32044.033203
3360    -32044.175781
3361    -32044.312500
3362    -32044.451172
3363    -32044.589844
3364    -32044.726562
3365    -32044.865234
3366    -32045.000000
3367    -32045.134766
3368    -32045.269531
3369    -32045.404297
3370    -32045.537109
3371    -32045.669922
3372    -32045.802734
3373    -32045.933594
3374    -32046.066406
3375    -32046.195312
3376    -32046.324219
3377    -32046.453125
3378    -32046.582031
3379    -32046.710938
3380    -32046.837891
3381    -32046.962891
3382    -32047.087891
3383    -32047.214844
3384    -32047.339844
3385    -32047.462891
3386    -32047.583984
3387    -32047.707031
3388    -32047.828125
3389    -32047.951172
3390    -32048.074219
3391    -32048.195312
3392    -32048.312500
3393    -32048.433594
3394    -32048.550781
3395    -32048.667969
3396    -32048.785156
3397    -32048.902344
3398    -32049.019531
3399    -32049.134766
3400    -32049.251953
3401    -32049.365234
3402    -32049.480469
3403    -32049.593750
3404    -32049.707031
3405    -32049.818359
3406    -32049.933594
3407    -32050.044922
3408    -32050.156250
3409    -32050.267578
3410    -32050.378906
3411    -32050.488281
3412    -32050.593750
3413    -32050.699219
3414    -32050.804688
3415    -32050.910156
3416    -32051.013672
3417    -32051.117188
3418    -32051.222656
3419    -32051.326172
3420    -32051.429688
3421    -32051.533203
3422    -32051.634766
3423    -32051.738281
3424    -32051.839844
3425    -32051.941406
3426    -32052.042969
3427    -32052.144531
3428    -32052.244141
3429    -32052.343750
3430    -32052.447266
3431    -32052.546875
3432    -32052.644531
3433    -32052.742188
3434    -32052.839844
3435    -32052.941406
3436    -32053.037109
3437    -32053.136719
3438    -32053.234375
3439    -32053.332031
3440    -32053.429688
3441    -32053.529297
3442    -32053.625000
3443    -32053.720703
3444    -32053.816406
3445    -32053.912109
3446    -32054.009766
3447    -32054.105469
3448    -32054.199219
3449    -32054.296875
3450    -32054.390625
3451    -32054.486328
3452    -32054.582031
3453    -32054.677734
3454    -32054.769531
3455    -32054.867188
3456    -32054.958984
3457    -32055.054688
3458    -32055.148438
3459    -32055.242188
3460    -32055.335938
3461    -32055.427734
3462    -32055.523438
3463    -32055.617188
3464    -32055.710938
3465    -32055.802734
3466    -32055.896484
3467    -32055.990234
3468    -32056.082031
3469    -32056.171875
3470    -32056.265625
3471    -32056.359375
3472    -32056.451172
3473    -32056.544922
3474    -32056.636719
3475    -32056.728516
3476    -32056.822266
3477    -32056.912109
3478    -32057.005859
3479    -32057.099609
3480    -32057.189453
3481    -32057.281250
3482    -32057.373047
3483    -32057.466797
3484    -32057.558594
3485    -32057.648438
3486    -32057.740234
3487    -32057.832031
3488    -32057.923828
3489    -32058.015625
3490    -32058.107422
3491    -32058.199219
3492    -32058.292969
3493    -32058.382812
3494    -32058.472656
3495    -32058.564453
3496    -32058.656250
3497    -32058.748047
3498    -32058.839844
3499    -32058.929688
3500    -32059.021484
3501    -32059.113281
3502    -32059.205078
3503    -32059.296875
3504    -32059.388672
3505    -32059.480469
3506    -32059.572266
3507    -32059.662109
3508    -32059.755859
3509    -32059.845703
3510    -32059.937500
3511    -32060.027344
3512    -32060.119141
3513    -32060.210938
3514    -32060.300781
3515    -32060.394531
3516    -32060.484375
3517    -32060.576172
3518    -32060.667969
3519    -32060.761719
3520    -32060.849609
3521    -32060.943359
3522    -32061.035156
3523    -32061.126953
3524    -32061.212891
3525    -32061.300781
3526    -32061.375000
3527    -32061.451172
3528    -32061.523438
3529    -32061.591797
3530    -32061.660156
3531    -32061.730469
3532    -32061.798828
3533    -32061.871094
3534    -32061.939453
3535    -32062.009766
3536    -32062.078125
3537    -32062.148438
3538    -32062.220703
3539    -32062.289062
3540    -32062.361328
3541    -32062.431641
3542    -32062.501953
3543    -32062.574219
3544    -32062.644531
3545    -32062.714844
3546    -32062.787109
3547    -32062.857422
3548    -32062.931641
3549    -32063.000000
3550    -32063.074219
3551    -32063.148438
3552    -32063.216797
3553    -32063.289062
3554    -32063.361328
3555    -32063.435547
3556    -32063.505859
3557    -32063.578125
3558    -32063.652344
3559    -32063.724609
3560    -32063.796875
3561    -32063.871094
3562    -32063.945312
3563    -32064.015625
3564    -32064.089844
3565    -32064.162109
3566    -32064.236328
3567    -32064.312500
3568    -32064.384766
3569    -32064.457031
3570    -32064.531250
3571    -32064.605469
3572    -32064.679688
3573    -32064.753906
3574    -32064.828125
3575    -32064.902344
3576    -32064.976562
3577    -32065.050781
3578    -32065.126953
3579    -32065.201172
3580    -32065.277344
3581    -32065.349609
3582    -32065.423828
3583    -32065.500000
3584    -32065.576172
3585    -32065.652344
3586    -32065.724609
3587    -32065.800781
3588    -32065.875000
3589    -32065.949219
3590    -32066.027344
3591    -32066.099609
3592    -32066.177734
3593    -32066.253906
3594    -32066.328125
3595    -32066.402344
3596    -32066.480469
3597    -32066.554688
3598    -32066.630859
3599    -32066.707031
3600    -32066.781250
3601    -32066.859375
3602    -32066.929688
3603    -32067.005859
3604    -32067.078125
3605    -32067.148438
3606    -32067.222656
3607    -32067.294922
3608    -32067.367188
3609    -32067.439453
3610    -32067.511719
3611    -32067.585938
3612    -32067.656250
3613    -32067.730469
3614    -32067.802734
3615    -32067.875000
3616    -32067.947266
3617    -32068.019531
3618    -32068.093750
3619    -32068.166016
3620    -32068.238281
3621    -32068.310547
3622    -32068.382812
3623    -32068.455078
3624    -32068.527344
3625    -32068.599609
3626    -32068.671875
3627    -32068.744141
3628    -32068.816406
3629    -32068.886719
3630    -32068.958984
3631    -32069.031250
3632    -32069.103516
3633    -32069.173828
3634    -32069.246094
3635    -32069.318359
3636    -32069.388672
3637    -32069.460938
3638    -32069.533203
3639    -32069.601562
3640    -32069.671875
3641    -32069.744141
3642    -32069.814453
3643    -32069.884766
3644    -32069.957031
3645    -32070.023438
3646    -32070.095703
3647    -32070.166016
3648    -32070.234375
3649    -32070.304688
3650    -32070.375000
3651    -32070.443359
3652    -32070.513672
3653    -32070.582031
3654    -32070.652344
3655    -32070.718750
3656    -32070.789062
3657    -32070.855469
3658    -32070.925781
3659    -32070.992188
3660    -32071.060547
3661    -32071.126953
3662    -32071.195312
3663    -32071.261719
3664    -32071.330078
3665    -32071.394531
3666    -32071.462891
3667    -32071.531250
3668    -32071.593750
3669    -32071.660156
3670    -32071.726562
3671    -32071.792969
3672    -32071.859375
3673    -32071.921875
3674    -32071.988281
3675    -32072.052734
3676    -32072.117188
3677    -32072.181641
3678    -32072.246094
3679    -32072.308594
3680    -32072.373047
3681    -32072.437500
3682    -32072.500000
3683    -32072.560547
3684    -32072.625000
3685    -32072.685547
3686    -32072.750000
3687    -32072.808594
3688    -32072.875000
3689    -32072.933594
3690    -32072.996094
3691    -32073.058594
3692    -32073.115234
3693    -32073.177734
3694    -32073.238281
3695    -32073.296875
3696    -32073.357422
3697    -32073.417969
3698    -32073.476562
3699    -32073.537109
3700    -32073.595703
3701    -32073.654297
3702    -32073.712891
3703    -32073.771484
3704    -32073.828125
3705    -32073.886719
3706    -32073.943359
3707    -32074.001953
3708    -32074.058594
3709    -32074.115234
3710    -32074.173828
3711    -32074.228516
3712    -32074.287109
3713    -32074.341797
3714    -32074.398438
3715    -32074.453125
3716    -32074.509766
3717    -32074.564453
3718    -32074.619141
3719    -32074.673828
3720    -32074.726562
3721    -32074.781250
3722    -32074.835938
3723    -32074.890625
3724    -32074.945312
3725    -32074.996094
3726    -32075.050781
3727    -32075.105469
3728    -32075.156250
3729    -32075.210938
3730    -32075.259766
3731    -32075.312500
3732    -32075.365234
3733    -32075.416016
3734    -32075.466797
3735    -32075.517578
3736    -32075.568359
3737    -32075.619141
3738    -32075.671875
3739    -32075.720703
3740    -32075.769531
3741    -32075.820312
3742    -32075.871094
3743    -32075.919922
3744    -32075.968750
3745    -32076.019531
3746    -32076.068359
3747    -32076.117188
3748    -32076.167969
3749    -32076.214844
3750    -32076.263672
3751    -32076.312500
3752    -32076.359375
3753    -32076.410156
3754    -32076.457031
3755    -32076.505859
3756    -32076.550781
3757    -32076.599609
3758    -32076.646484
3759    -32076.693359
3760    -32076.742188
3761    -32076.789062
3762    -32076.833984
3763    -32076.880859
3764    -32076.925781
3765    -32076.974609
3766    -32077.019531
3767    -32077.066406
3768    -32077.111328
3769    -32077.158203
3770    -32077.205078
3771    -32077.248047
3772    -32077.292969
3773    -32077.339844
3774    -32077.382812
3775    -32077.431641
3776    -32077.472656
3777    -32077.517578
3778    -32077.562500
3779    -32077.607422
3780    -32077.650391
3781    -32077.697266
3782    -32077.740234
3783    -32077.785156
3784    -32077.828125
3785    -32077.873047
3786    -32077.916016
3787    -32077.960938
3788    -32078.003906
3789    -32078.046875
3790    -32078.089844
3791    -32078.132812
3792    -32078.173828
3793    -32078.218750
3794    -32078.261719
3795    -32078.302734
3796    -32078.345703
3797    -32078.386719
3798    -32078.429688
3799    -32078.472656
3800    -32078.515625
3801    -32078.558594
3802    -32078.597656
3803    -32078.640625
3804    -32078.683594
3805    -32078.724609
3806    -32078.763672
3807    -32078.804688
3808    -32078.847656
3809    -32078.886719
3810    -32078.929688
3811    -32078.968750
3812    -32079.009766
3813    -32079.052734
3814    -32079.093750
3815    -32079.130859
3816    -32079.171875
3817    -32079.212891
3818    -32079.250000
3819    -32079.292969
3820    -32079.332031
3821    -32079.373047
3822    -32079.414062
3823    -32079.451172
3824    -32079.492188
3825    -32079.531250
3826    -32079.570312
3827    -32079.609375
3828    -32079.648438
3829    -32079.687500
3830    -32079.726562
3831    -32079.765625
3832    -32079.804688
3833    -32079.843750
3834    -32079.882812
3835    -32079.919922
3836    -32079.958984
3837    -32079.996094
3838    -32080.037109
3839    -32080.074219
3840    -32080.113281
3841    -32080.152344
3842    -32080.187500
3843    -32080.226562
3844    -32080.265625
3845    -32080.304688
3846    -32080.341797
3847    -32080.371094
3848    -32080.402344
3849    -32080.433594
3850    -32080.466797
3851    -32080.496094
3852    -32080.527344
3853    -32080.560547
3854    -32080.589844
3855    -32080.621094
3856    -32080.652344
3857    -32080.679688
3858    -32080.712891
3859    -32080.740234
3860    -32080.773438
3861    -32080.804688
3862    -32080.835938
3863    -32080.867188
3864    -32080.896484
3865    -32080.925781
3866    -32080.955078
3867    -32080.986328
3868    -32081.017578
3869    -32081.046875
3870    -32081.078125
3871    -32081.107422
3872    -32081.134766
3873    -32081.156250
3874    -32081.177734
3875    -32081.203125
3876    -32081.222656
3877    -32081.246094
3878    -32081.267578
3879    -32081.291016
3880    -32081.312500
3881    -32081.335938
3882    -32081.357422
3883    -32081.380859
3884    -32081.404297
3885    -32081.425781
3886    -32081.449219
3887    -32081.472656
3888    -32081.496094
3889    -32081.515625
3890    -32081.539062
3891    -32081.562500
3892    -32081.585938
3893    -32081.609375
3894    -32081.630859
3895    -32081.654297
3896    -32081.679688
3897    -32081.703125
3898    -32081.722656
3899    -32081.750000
3900    -32081.769531
3901    -32081.794922
3902    -32081.818359
3903    -32081.839844
3904    -32081.867188
3905    -32081.888672
3906    -32081.912109
3907    -32081.937500
3908    -32081.960938
3909    -32081.982422
3910    -32082.005859
3911    -32082.027344
3912    -32082.048828
3913    -32082.070312
3914    -32082.091797
3915    -32082.113281
3916    -32082.136719
3917    -32082.160156
