Step            Loss
--------------------
1        -143.840179
2        -202.067520
3        -260.291321
4        -318.511719
5        -376.728027
6        -434.940399
7        -493.149170
8        -551.354492
9        -609.556335
10       -667.755493
11       -725.951965
12       -784.146484
13       -842.339783
14       -900.532715
15       -958.726074
16      -1016.921509
17      -1075.119873
18      -1133.322266
19      -1191.530640
20      -1249.746216
21      -1307.970337
22      -1366.204712
23      -1424.450806
24      -1482.710449
25      -1540.985352
26      -1599.277344
27      -1657.587891
28      -1715.919189
29      -1774.273438
30      -1832.652100
31      -1891.057373
32      -1949.491333
33      -2007.956055
34      -2066.453613
35      -2124.985840
36      -2183.555420
37      -2242.163574
38      -2300.813477
39      -2359.506592
40      -2418.245117
41      -2477.031250
42      -2535.867188
43      -2594.754639
44      -2653.696289
45      -2712.693359
46      -2771.748291
47      -2830.863281
48      -2890.040283
49      -2949.280762
50      -3008.587402
51      -3067.961426
52      -3127.404785
53      -3186.919434
54      -3246.507324
55      -3306.169678
56      -3365.908691
57      -3425.726074
58      -3485.623047
59      -3545.601562
60      -3605.662598
61      -3665.809082
62      -3726.040283
63      -3786.358887
64      -3846.766846
65      -3907.264160
66      -3967.853027
67      -4028.534668
68      -4089.310303
69      -4150.180176
70      -4211.146484
71      -4272.208984
72      -4333.371094
73      -4394.630859
74      -4455.991699
75      -4517.453125
76      -4579.016602
77      -4640.683105
78      -4702.453125
79      -4764.327148
80      -4826.305664
81      -4888.390625
82      -4950.581543
83      -5012.879883
84      -5075.284668
85      -5137.798340
86      -5200.419922
87      -5263.150391
88      -5325.990723
89      -5388.939941
90      -5451.999512
91      -5515.169434
92      -5578.449219
93      -5641.840332
94      -5705.341797
95      -5768.954102
96      -5832.678223
97      -5896.512695
98      -5960.458984
99      -6024.515625
100     -6088.684082
101     -6152.962891
102     -6217.352539
103     -6281.852539
104     -6346.463867
105     -6411.184570
106     -6476.014648
107     -6540.955078
108     -6606.003906
109     -6671.162109
110     -6736.428223
111     -6801.801758
112     -6867.283203
113     -6932.871094
114     -6998.565430
115     -7064.364746
116     -7130.269043
117     -7196.277344
118     -7262.389160
119     -7328.603516
120     -7394.919922
121     -7461.337402
122     -7527.854492
123     -7594.471191
124     -7661.185547
125     -7727.997070
126     -7794.901367
127     -7861.898438
128     -7928.989746
129     -7996.173828
130     -8063.450195
131     -8130.816406
132     -8198.271484
133     -8265.816406
134     -8333.447266
135     -8401.164062
136     -8468.964844
137     -8536.847656
138     -8604.813477
139     -8672.859375
140     -8740.984375
141     -8809.185547
142     -8877.462891
143     -8945.814453
144     -9014.238281
145     -9082.734375
146     -9151.298828
147     -9219.931641
148     -9288.632812
149     -9357.396484
150     -9426.224609
151     -9495.112305
152     -9564.060547
153     -9633.068359
154     -9702.130859
155     -9771.249023
156     -9840.417969
157     -9909.639648
158     -9978.910156
159     -10048.228516
160     -10117.591797
161     -10186.999023
162     -10256.448242
163     -10325.937500
164     -10395.464844
165     -10465.029297
166     -10534.626953
167     -10604.257812
168     -10673.919922
169     -10743.609375
170     -10813.326172
171     -10883.067383
172     -10952.832031
173     -11022.618164
174     -11092.423828
175     -11162.245117
176     -11232.082031
177     -11301.931641
178     -11371.792969
179     -11441.663086
180     -11511.541016
181     -11581.423828
182     -11651.310547
183     -11721.197266
184     -11791.083984
185     -11860.968750
186     -11930.847656
187     -12000.720703
188     -12070.584961
189     -12140.439453
190     -12210.280273
191     -12280.107422
192     -12349.916016
193     -12419.708984
194     -12489.480469
195     -12559.228516
196     -12628.953125
197     -12698.651367
198     -12768.321289
199     -12837.960938
200     -12907.568359
201     -12977.141602
202     -13046.678711
203     -13116.178711
204     -13185.638672
205     -13255.054688
206     -13324.429688
207     -13393.757812
208     -13463.040039
209     -13532.271484
210     -13601.451172
211     -13670.579102
212     -13739.651367
213     -13808.666992
214     -13877.625000
215     -13946.521484
216     -14015.355469
217     -14084.125977
218     -14152.831055
219     -14221.467773
220     -14290.036133
221     -14358.533203
222     -14426.956055
223     -14495.305664
224     -14563.578125
225     -14631.773438
226     -14699.888672
227     -14767.922852
228     -14835.875000
229     -14903.741211
230     -14971.521484
231     -15039.212891
232     -15106.815430
233     -15174.328125
234     -15241.746094
235     -15309.070312
236     -15376.300781
237     -15443.418945
238     -15510.406250
239     -15577.285156
240     -15644.052734
241     -15710.716797
242     -15777.276367
243     -15843.729492
244     -15910.075195
245     -15976.308594
246     -16042.429688
247     -16108.439453
248     -16174.335938
249     -16240.076172
250     -16305.690430
251     -16371.188477
252     -16436.566406
253     -16501.826172
254     -16566.964844
255     -16631.982422
256     -16696.876953
257     -16761.623047
258     -16826.238281
259     -16890.728516
260     -16955.089844
261     -17019.320312
262     -17083.421875
263     -17147.392578
264     -17211.230469
265     -17274.933594
266     -17338.501953
267     -17401.937500
268     -17465.232422
269     -17528.392578
270     -17591.414062
271     -17654.292969
272     -17717.035156
273     -17779.634766
274     -17842.089844
275     -17904.402344
276     -17966.562500
277     -18028.525391
278     -18090.302734
279     -18151.908203
280     -18213.365234
281     -18274.673828
282     -18335.835938
283     -18396.816406
284     -18457.599609
285     -18518.169922
286     -18578.589844
287     -18638.847656
288     -18698.945312
289     -18758.890625
290     -18818.675781
291     -18878.310547
292     -18937.789062
293     -18997.070312
294     -19056.175781
295     -19115.126953
296     -19173.917969
297     -19232.550781
298     -19291.027344
299     -19349.339844
300     -19407.492188
301     -19465.476562
302     -19523.218750
303     -19580.677734
304     -19637.935547
305     -19694.984375
306     -19751.865234
307     -19808.582031
308     -19865.140625
309     -19921.531250
310     -19977.746094
311     -20033.789062
312     -20089.662109
313     -20145.355469
314     -20200.865234
315     -20256.169922
316     -20311.308594
317     -20366.265625
318     -20421.035156
319     -20475.623047
320     -20530.042969
321     -20584.296875
322     -20638.382812
323     -20692.289062
324     -20746.007812
325     -20799.527344
326     -20852.880859
327     -20906.066406
328     -20959.060547
329     -21011.820312
330     -21064.394531
331     -21116.789062
332     -21169.017578
333     -21221.039062
334     -21272.835938
335     -21324.468750
336     -21375.933594
337     -21427.160156
338     -21478.166016
339     -21529.005859
340     -21579.679688
341     -21630.187500
342     -21680.492188
343     -21730.578125
344     -21780.449219
345     -21830.078125
346     -21879.542969
347     -21928.810547
348     -21977.892578
349     -22026.812500
350     -22075.566406
351     -22124.132812
352     -22172.460938
353     -22220.570312
354     -22268.500000
355     -22316.210938
356     -22363.759766
357     -22411.041016
358     -22458.117188
359     -22504.976562
360     -22551.617188
361     -22597.970703
362     -22644.142578
363     -22690.142578
364     -22735.960938
365     -22781.613281
366     -22827.027344
367     -22872.267578
368     -22917.316406
369     -22962.134766
370     -23006.710938
371     -23051.103516
372     -23095.289062
373     -23139.240234
374     -23182.978516
375     -23226.414062
376     -23269.613281
377     -23312.625000
378     -23355.453125
379     -23398.062500
380     -23440.488281
381     -23482.722656
382     -23524.750000
383     -23566.527344
384     -23608.109375
385     -23649.484375
386     -23690.625000
387     -23731.566406
388     -23772.359375
389     -23812.925781
390     -23853.289062
391     -23893.439453
392     -23933.371094
393     -23973.154297
394     -24012.791016
395     -24052.269531
396     -24091.576172
397     -24130.644531
398     -24169.523438
399     -24208.250000
400     -24246.777344
401     -24285.056641
402     -24323.128906
403     -24360.992188
404     -24398.646484
405     -24436.068359
406     -24473.156250
407     -24510.011719
408     -24546.634766
409     -24583.121094
410     -24619.425781
411     -24655.558594
412     -24691.513672
413     -24727.289062
414     -24762.914062
415     -24798.355469
416     -24833.568359
417     -24868.580078
418     -24903.343750
419     -24937.958984
420     -24972.339844
421     -25006.570312
422     -25040.550781
423     -25074.328125
424     -25107.867188
425     -25141.212891
426     -25174.396484
427     -25207.343750
428     -25240.130859
429     -25272.785156
430     -25305.312500
431     -25337.660156
432     -25369.705078
433     -25401.535156
434     -25433.125000
435     -25464.560547
436     -25495.818359
437     -25526.929688
438     -25557.787109
439     -25588.492188
440     -25618.988281
441     -25649.289062
442     -25679.458984
443     -25709.402344
444     -25739.091797
445     -25768.589844
446     -25797.824219
447     -25826.873047
448     -25855.681641
449     -25884.298828
450     -25912.734375
451     -25941.029297
452     -25969.160156
453     -25997.101562
454     -26024.880859
455     -26052.410156
456     -26079.773438
457     -26106.949219
458     -26133.912109
459     -26160.671875
460     -26187.246094
461     -26213.716797
462     -26240.093750
463     -26266.373047
464     -26292.550781
465     -26318.554688
466     -26344.359375
467     -26370.007812
468     -26395.509766
469     -26420.832031
470     -26445.919922
471     -26470.804688
472     -26495.503906
473     -26519.921875
474     -26544.039062
475     -26568.007812
476     -26591.796875
477     -26615.398438
478     -26638.826172
479     -26662.144531
480     -26685.304688
481     -26708.357422
482     -26731.269531
483     -26754.005859
484     -26776.640625
485     -26799.126953
486     -26821.460938
487     -26843.691406
488     -26865.808594
489     -26887.789062
490     -26909.625000
491     -26931.222656
492     -26952.714844
493     -26974.015625
494     -26995.083984
495     -27015.982422
496     -27036.714844
497     -27057.281250
498     -27077.621094
499     -27097.875000
500     -27117.986328
501     -27138.013672
502     -27157.968750
503     -27177.800781
504     -27197.423828
505     -27216.894531
506     -27236.234375
507     -27255.433594
508     -27274.460938
509     -27293.398438
510     -27312.210938
511     -27330.826172
512     -27349.210938
513     -27367.351562
514     -27385.394531
515     -27403.369141
516     -27421.246094
517     -27438.966797
518     -27456.574219
519     -27473.968750
520     -27491.212891
521     -27508.355469
522     -27525.439453
523     -27542.453125
524     -27559.326172
525     -27576.097656
526     -27592.720703
527     -27609.218750
528     -27625.619141
529     -27641.892578
530     -27658.060547
531     -27674.093750
532     -27690.021484
533     -27705.833984
534     -27721.593750
535     -27737.263672
536     -27752.812500
537     -27768.240234
538     -27783.511719
539     -27798.583984
540     -27813.515625
541     -27828.218750
542     -27842.818359
543     -27857.367188
544     -27871.871094
545     -27886.240234
546     -27900.523438
547     -27914.744141
548     -27928.875000
549     -27942.894531
550     -27956.824219
551     -27970.708984
552     -27984.535156
553     -27998.201172
554     -28011.728516
555     -28025.101562
556     -28038.335938
557     -28051.486328
558     -28064.550781
559     -28077.457031
560     -28090.273438
561     -28103.000000
562     -28115.625000
563     -28128.164062
564     -28140.626953
565     -28152.990234
566     -28165.175781
567     -28177.263672
568     -28189.273438
569     -28201.212891
570     -28213.048828
571     -28224.681641
572     -28236.230469
573     -28247.669922
574     -28259.007812
575     -28270.300781
576     -28281.529297
577     -28292.695312
578     -28303.738281
579     -28314.720703
580     -28325.611328
581     -28336.343750
582     -28346.925781
583     -28357.410156
584     -28367.824219
585     -28378.048828
586     -28388.134766
587     -28398.140625
588     -28408.085938
589     -28417.941406
590     -28427.667969
591     -28437.275391
592     -28446.796875
593     -28456.248047
594     -28465.664062
595     -28475.039062
596     -28484.373047
597     -28493.675781
598     -28502.949219
599     -28512.169922
600     -28521.230469
601     -28530.197266
602     -28539.080078
603     -28547.863281
604     -28556.562500
605     -28565.177734
606     -28573.736328
607     -28582.269531
608     -28590.750000
609     -28599.156250
610     -28607.453125
611     -28615.662109
612     -28623.806641
613     -28631.802734
614     -28639.699219
615     -28647.521484
616     -28655.271484
617     -28662.968750
618     -28670.568359
619     -28678.119141
620     -28685.634766
621     -28693.066406
622     -28700.439453
623     -28707.787109
624     -28715.082031
625     -28722.265625
626     -28729.376953
627     -28736.468750
628     -28743.541016
629     -28750.576172
630     -28757.550781
631     -28764.460938
632     -28771.347656
633     -28778.207031
634     -28785.019531
635     -28791.800781
636     -28798.535156
637     -28805.189453
638     -28811.767578
639     -28818.261719
640     -28824.738281
641     -28831.175781
642     -28837.546875
643     -28843.859375
644     -28850.126953
645     -28856.359375
646     -28862.546875
647     -28868.660156
648     -28874.703125
649     -28880.710938
650     -28886.691406
651     -28892.640625
652     -28898.554688
653     -28904.453125
654     -28910.312500
655     -28916.089844
656     -28921.808594
657     -28927.468750
658     -28933.039062
659     -28938.544922
660     -28943.986328
661     -28949.359375
662     -28954.656250
663     -28959.917969
664     -28965.136719
665     -28970.296875
666     -28975.396484
667     -28980.447266
668     -28985.476562
669     -28990.445312
670     -28995.369141
671     -29000.277344
672     -29005.156250
673     -29009.988281
674     -29014.730469
675     -29019.382812
676     -29023.982422
677     -29028.521484
678     -29033.009766
679     -29037.486328
680     -29041.949219
681     -29046.394531
682     -29050.818359
683     -29055.224609
684     -29059.609375
685     -29063.968750
686     -29068.306641
687     -29072.617188
688     -29076.902344
689     -29081.109375
690     -29085.250000
691     -29089.353516
692     -29093.419922
693     -29097.410156
694     -29101.371094
695     -29105.308594
696     -29109.222656
697     -29113.113281
698     -29116.982422
699     -29120.835938
700     -29124.679688
701     -29128.507812
702     -29132.324219
703     -29136.109375
704     -29139.865234
705     -29143.591797
706     -29147.294922
707     -29150.984375
708     -29154.664062
709     -29158.300781
710     -29161.873047
711     -29165.414062
712     -29168.921875
713     -29172.392578
714     -29175.849609
715     -29179.214844
716     -29182.546875
717     -29185.871094
718     -29189.181641
719     -29192.476562
720     -29195.730469
721     -29198.972656
722     -29202.187500
723     -29205.390625
724     -29208.574219
725     -29211.716797
726     -29214.828125
727     -29217.914062
728     -29220.976562
729     -29224.007812
730     -29227.023438
731     -29230.027344
732     -29233.009766
733     -29235.982422
734     -29238.921875
735     -29241.847656
736     -29244.736328
737     -29247.605469
738     -29250.412109
739     -29253.207031
740     -29255.990234
741     -29258.750000
742     -29261.480469
743     -29264.183594
744     -29266.865234
745     -29269.498047
746     -29272.050781
747     -29274.589844
748     -29277.115234
749     -29279.626953
750     -29282.125000
751     -29284.609375
752     -29287.066406
753     -29289.515625
754     -29291.955078
755     -29294.376953
756     -29296.785156
757     -29299.175781
758     -29301.554688
759     -29303.925781
760     -29306.281250
761     -29308.617188
762     -29310.941406
763     -29313.253906
764     -29315.554688
765     -29317.849609
766     -29320.126953
767     -29322.394531
768     -29324.640625
769     -29326.873047
770     -29329.093750
771     -29331.302734
772     -29333.503906
773     -29335.697266
774     -29337.878906
775     -29340.011719
776     -29342.125000
777     -29344.214844
778     -29346.291016
779     -29348.359375
780     -29350.421875
781     -29352.460938
782     -29354.480469
783     -29356.460938
784     -29358.429688
785     -29360.394531
786     -29362.347656
787     -29364.285156
788     -29366.214844
789     -29368.136719
790     -29370.023438
791     -29371.894531
792     -29373.761719
793     -29375.625000
794     -29377.464844
795     -29379.300781
796     -29381.126953
797     -29382.949219
798     -29384.744141
799     -29386.519531
800     -29388.281250
801     -29390.027344
802     -29391.767578
803     -29393.496094
804     -29395.208984
805     -29396.912109
806     -29398.607422
807     -29400.267578
808     -29401.906250
809     -29403.537109
810     -29405.162109
811     -29406.781250
812     -29408.396484
813     -29410.003906
814     -29411.605469
815     -29413.191406
816     -29414.759766
817     -29416.312500
818     -29417.851562
819     -29419.371094
820     -29420.882812
821     -29422.390625
822     -29423.892578
823     -29425.369141
824     -29426.837891
825     -29428.281250
826     -29429.687500
827     -29431.083984
828     -29432.472656
829     -29433.839844
830     -29435.203125
831     -29436.558594
832     -29437.914062
833     -29439.257812
834     -29440.580078
835     -29441.894531
836     -29443.203125
837     -29444.509766
838     -29445.810547
839     -29447.105469
840     -29448.398438
841     -29449.683594
842     -29450.957031
843     -29452.224609
844     -29453.480469
845     -29454.714844
846     -29455.949219
847     -29457.177734
848     -29458.406250
849     -29459.626953
850     -29460.845703
851     -29462.048828
852     -29463.230469
853     -29464.402344
854     -29465.564453
855     -29466.714844
856     -29467.845703
857     -29468.966797
858     -29470.070312
859     -29471.156250
860     -29472.228516
861     -29473.289062
862     -29474.345703
863     -29475.398438
864     -29476.449219
865     -29477.494141
866     -29478.531250
867     -29479.562500
868     -29480.585938
869     -29481.601562
870     -29482.601562
871     -29483.601562
872     -29484.597656
873     -29485.583984
874     -29486.564453
875     -29487.542969
876     -29488.517578
877     -29489.488281
878     -29490.457031
879     -29491.421875
880     -29492.382812
881     -29493.339844
882     -29494.285156
883     -29495.226562
884     -29496.162109
885     -29497.095703
886     -29498.027344
887     -29498.955078
888     -29499.880859
889     -29500.800781
890     -29501.722656
891     -29502.640625
892     -29503.554688
893     -29504.460938
894     -29505.361328
895     -29506.257812
896     -29507.150391
897     -29508.033203
898     -29508.910156
899     -29509.781250
900     -29510.652344
901     -29511.515625
902     -29512.367188
903     -29513.214844
904     -29514.062500
905     -29514.906250
906     -29515.751953
907     -29516.589844
908     -29517.414062
909     -29518.230469
910     -29519.042969
911     -29519.851562
912     -29520.660156
913     -29521.468750
914     -29522.269531
915     -29523.072266
916     -29523.873047
917     -29524.667969
918     -29525.457031
919     -29526.240234
920     -29527.023438
921     -29527.800781
922     -29528.578125
923     -29529.351562
924     -29530.125000
925     -29530.894531
926     -29531.656250
927     -29532.400391
928     -29533.140625
929     -29533.876953
930     -29534.609375
931     -29535.341797
932     -29536.074219
933     -29536.800781
934     -29537.527344
935     -29538.253906
936     -29538.966797
937     -29539.675781
938     -29540.386719
939     -29541.089844
940     -29541.781250
941     -29542.468750
942     -29543.156250
943     -29543.839844
944     -29544.523438
945     -29545.197266
946     -29545.875000
947     -29546.546875
948     -29547.218750
949     -29547.890625
950     -29548.558594
951     -29549.210938
952     -29549.863281
953     -29550.507812
954     -29551.140625
955     -29551.773438
956     -29552.402344
957     -29553.027344
958     -29553.654297
959     -29554.277344
960     -29554.894531
961     -29555.507812
962     -29556.121094
963     -29556.730469
964     -29557.337891
965     -29557.945312
966     -29558.552734
967     -29559.156250
968     -29559.750000
969     -29560.345703
970     -29560.939453
971     -29561.529297
972     -29562.121094
973     -29562.710938
974     -29563.294922
975     -29563.880859
976     -29564.464844
977     -29565.046875
978     -29565.625000
979     -29566.195312
980     -29566.769531
981     -29567.339844
982     -29567.906250
983     -29568.468750
984     -29569.029297
985     -29569.593750
986     -29570.152344
987     -29570.710938
988     -29571.263672
989     -29571.808594
990     -29572.349609
991     -29572.882812
992     -29573.402344
993     -29573.921875
994     -29574.441406
995     -29574.958984
996     -29575.474609
997     -29575.988281
998     -29576.498047
999     -29576.996094
1000    -29577.492188
1001    -29577.992188
1002    -29578.488281
1003    -29578.984375
1004    -29579.480469
1005    -29579.976562
1006    -29580.472656
1007    -29580.966797
1008    -29581.460938
1009    -29581.953125
1010    -29582.449219
1011    -29582.937500
1012    -29583.414062
1013    -29583.888672
1014    -29584.363281
1015    -29584.839844
1016    -29585.312500
1017    -29585.785156
1018    -29586.257812
1019    -29586.726562
1020    -29587.191406
1021    -29587.656250
1022    -29588.121094
1023    -29588.585938
1024    -29589.048828
1025    -29589.503906
1026    -29589.941406
1027    -29590.378906
1028    -29590.810547
1029    -29591.246094
1030    -29591.679688
1031    -29592.115234
1032    -29592.548828
1033    -29592.984375
1034    -29593.417969
1035    -29593.849609
1036    -29594.275391
1037    -29594.703125
1038    -29595.128906
1039    -29595.556641
1040    -29595.982422
1041    -29596.410156
1042    -29596.835938
1043    -29597.261719
1044    -29597.689453
1045    -29598.115234
1046    -29598.542969
1047    -29598.968750
1048    -29599.394531
1049    -29599.824219
1050    -29600.250000
1051    -29600.675781
1052    -29601.103516
1053    -29601.531250
1054    -29601.960938
1055    -29602.386719
1056    -29602.812500
1057    -29603.242188
1058    -29603.667969
1059    -29604.095703
1060    -29604.523438
1061    -29604.949219
1062    -29605.376953
1063    -29605.804688
1064    -29606.230469
1065    -29606.652344
1066    -29607.074219
1067    -29607.496094
1068    -29607.917969
1069    -29608.341797
1070    -29608.765625
1071    -29609.185547
1072    -29609.601562
1073    -29610.015625
1074    -29610.429688
1075    -29610.835938
1076    -29611.242188
1077    -29611.646484
1078    -29612.052734
1079    -29612.458984
1080    -29612.859375
1081    -29613.257812
1082    -29613.656250
1083    -29614.054688
1084    -29614.441406
1085    -29614.832031
1086    -29615.218750
1087    -29615.609375
1088    -29616.000000
1089    -29616.390625
1090    -29616.779297
1091    -29617.169922
1092    -29617.562500
1093    -29617.953125
1094    -29618.345703
1095    -29618.740234
1096    -29619.130859
1097    -29619.525391
1098    -29619.917969
1099    -29620.314453
1100    -29620.707031
1101    -29621.105469
1102    -29621.500000
1103    -29621.896484
1104    -29622.292969
1105    -29622.687500
1106    -29623.087891
1107    -29623.484375
1108    -29623.884766
1109    -29624.283203
1110    -29624.679688
1111    -29625.076172
1112    -29625.470703
1113    -29625.867188
1114    -29626.261719
1115    -29626.658203
1116    -29627.054688
1117    -29627.449219
1118    -29627.833984
1119    -29628.222656
1120    -29628.609375
1121    -29628.996094
1122    -29629.384766
1123    -29629.775391
1124    -29630.164062
1125    -29630.554688
1126    -29630.945312
1127    -29631.335938
1128    -29631.730469
1129    -29632.123047
1130    -29632.515625
1131    -29632.912109
1132    -29633.304688
1133    -29633.695312
1134    -29634.085938
1135    -29634.476562
1136    -29634.865234
1137    -29635.257812
1138    -29635.650391
1139    -29636.041016
1140    -29636.435547
1141    -29636.832031
1142    -29637.224609
1143    -29637.619141
1144    -29638.011719
1145    -29638.398438
1146    -29638.787109
1147    -29639.179688
1148    -29639.570312
1149    -29639.960938
1150    -29640.353516
1151    -29640.744141
1152    -29641.134766
1153    -29641.523438
1154    -29641.910156
1155    -29642.300781
1156    -29642.691406
1157    -29643.078125
1158    -29643.468750
1159    -29643.859375
1160    -29644.248047
1161    -29644.640625
1162    -29645.035156
1163    -29645.425781
1164    -29645.820312
1165    -29646.214844
1166    -29646.609375
1167    -29647.007812
1168    -29647.406250
1169    -29647.800781
1170    -29648.199219
1171    -29648.597656
1172    -29648.998047
1173    -29649.396484
1174    -29649.798828
1175    -29650.199219
1176    -29650.593750
1177    -29650.988281
1178    -29651.386719
1179    -29651.785156
1180    -29652.183594
1181    -29652.582031
1182    -29652.980469
1183    -29653.378906
1184    -29653.777344
1185    -29654.167969
1186    -29654.564453
1187    -29654.949219
1188    -29655.337891
1189    -29655.726562
1190    -29656.113281
1191    -29656.500000
1192    -29656.890625
1193    -29657.279297
1194    -29657.671875
1195    -29658.062500
1196    -29658.453125
1197    -29658.843750
1198    -29659.238281
1199    -29659.630859
1200    -29660.025391
1201    -29660.419922
1202    -29660.812500
1203    -29661.210938
1204    -29661.605469
1205    -29662.003906
1206    -29662.398438
1207    -29662.796875
1208    -29663.195312
1209    -29663.593750
1210    -29663.992188
1211    -29664.394531
1212    -29664.791016
1213    -29665.191406
1214    -29665.591797
1215    -29665.990234
1216    -29666.390625
1217    -29666.792969
1218    -29667.195312
1219    -29667.597656
1220    -29667.996094
1221    -29668.396484
1222    -29668.798828
1223    -29669.199219
1224    -29669.601562
1225    -29670.003906
1226    -29670.406250
1227    -29670.808594
1228    -29671.208984
1229    -29671.607422
1230    -29672.007812
1231    -29672.406250
1232    -29672.802734
1233    -29673.199219
1234    -29673.593750
1235    -29673.990234
1236    -29674.386719
1237    -29674.785156
1238    -29675.179688
1239    -29675.578125
1240    -29675.976562
1241    -29676.371094
1242    -29676.769531
1243    -29677.167969
1244    -29677.566406
1245    -29677.962891
1246    -29678.361328
1247    -29678.759766
1248    -29679.156250
1249    -29679.554688
1250    -29679.953125
1251    -29680.349609
1252    -29680.748047
1253    -29681.140625
1254    -29681.533203
1255    -29681.927734
1256    -29682.318359
1257    -29682.710938
1258    -29683.101562
1259    -29683.496094
1260    -29683.886719
1261    -29684.279297
1262    -29684.671875
1263    -29685.062500
1264    -29685.453125
1265    -29685.843750
1266    -29686.234375
1267    -29686.621094
1268    -29687.011719
1269    -29687.400391
1270    -29687.789062
1271    -29688.171875
1272    -29688.562500
1273    -29688.947266
1274    -29689.332031
1275    -29689.718750
1276    -29690.105469
1277    -29690.492188
1278    -29690.876953
1279    -29691.261719
1280    -29691.646484
1281    -29692.033203
1282    -29692.414062
1283    -29692.800781
1284    -29693.183594
1285    -29693.566406
1286    -29693.949219
1287    -29694.333984
1288    -29694.716797
1289    -29695.097656
1290    -29695.480469
1291    -29695.859375
1292    -29696.242188
1293    -29696.621094
1294    -29697.003906
1295    -29697.382812
1296    -29697.761719
1297    -29698.140625
1298    -29698.519531
1299    -29698.898438
1300    -29699.275391
1301    -29699.652344
1302    -29700.031250
1303    -29700.406250
1304    -29700.781250
1305    -29701.158203
1306    -29701.531250
1307    -29701.910156
1308    -29702.283203
1309    -29702.656250
1310    -29703.027344
1311    -29703.402344
1312    -29703.769531
1313    -29704.140625
1314    -29704.511719
1315    -29704.880859
1316    -29705.250000
1317    -29705.617188
1318    -29705.984375
1319    -29706.351562
1320    -29706.718750
1321    -29707.085938
1322    -29707.449219
1323    -29707.814453
1324    -29708.179688
1325    -29708.542969
1326    -29708.906250
1327    -29709.267578
1328    -29709.630859
1329    -29709.990234
1330    -29710.351562
1331    -29710.710938
1332    -29711.072266
1333    -29711.429688
1334    -29711.785156
1335    -29712.144531
1336    -29712.500000
1337    -29712.855469
1338    -29713.210938
1339    -29713.564453
1340    -29713.917969
1341    -29714.269531
1342    -29714.623047
1343    -29714.972656
1344    -29715.320312
1345    -29715.664062
1346    -29716.009766
1347    -29716.351562
1348    -29716.695312
1349    -29717.039062
1350    -29717.378906
1351    -29717.714844
1352    -29718.054688
1353    -29718.390625
1354    -29718.724609
1355    -29719.058594
1356    -29719.390625
1357    -29719.720703
1358    -29720.050781
1359    -29720.380859
1360    -29720.707031
1361    -29721.035156
1362    -29721.361328
1363    -29721.687500
1364    -29722.011719
1365    -29722.337891
1366    -29722.660156
1367    -29722.984375
1368    -29723.304688
1369    -29723.626953
1370    -29723.949219
1371    -29724.269531
1372    -29724.587891
1373    -29724.908203
1374    -29725.226562
1375    -29725.544922
1376    -29725.859375
1377    -29726.177734
1378    -29726.494141
1379    -29726.808594
1380    -29727.123047
1381    -29727.437500
1382    -29727.750000
1383    -29728.062500
1384    -29728.375000
1385    -29728.687500
1386    -29728.996094
1387    -29729.308594
1388    -29729.617188
1389    -29729.925781
1390    -29730.234375
1391    -29730.541016
1392    -29730.847656
1393    -29731.156250
1394    -29731.460938
1395    -29731.765625
1396    -29732.070312
1397    -29732.375000
1398    -29732.679688
1399    -29732.980469
1400    -29733.285156
1401    -29733.585938
1402    -29733.886719
1403    -29734.189453
1404    -29734.488281
1405    -29734.789062
1406    -29735.087891
1407    -29735.386719
1408    -29735.683594
1409    -29735.982422
1410    -29736.279297
1411    -29736.574219
1412    -29736.869141
1413    -29737.160156
1414    -29737.455078
1415    -29737.746094
1416    -29738.039062
1417    -29738.330078
1418    -29738.621094
1419    -29738.910156
1420    -29739.201172
1421    -29739.490234
1422    -29739.777344
1423    -29740.068359
1424    -29740.355469
1425    -29740.642578
1426    -29740.929688
1427    -29741.218750
1428    -29741.503906
1429    -29741.789062
1430    -29742.074219
1431    -29742.359375
1432    -29742.644531
1433    -29742.929688
1434    -29743.214844
1435    -29743.496094
1436    -29743.779297
1437    -29744.062500
1438    -29744.343750
1439    -29744.628906
1440    -29744.906250
1441    -29745.183594
1442    -29745.458984
1443    -29745.734375
1444    -29746.011719
1445    -29746.285156
1446    -29746.558594
1447    -29746.835938
1448    -29747.109375
1449    -29747.382812
1450    -29747.656250
1451    -29747.929688
1452    -29748.203125
1453    -29748.474609
1454    -29748.748047
1455    -29749.019531
1456    -29749.291016
1457    -29749.562500
1458    -29749.828125
1459    -29750.093750
1460    -29750.361328
1461    -29750.626953
1462    -29750.894531
1463    -29751.158203
1464    -29751.425781
1465    -29751.689453
1466    -29751.955078
1467    -29752.218750
1468    -29752.484375
1469    -29752.746094
1470    -29753.011719
1471    -29753.277344
1472    -29753.541016
1473    -29753.798828
1474    -29754.052734
1475    -29754.304688
1476    -29754.558594
1477    -29754.810547
1478    -29755.062500
1479    -29755.314453
1480    -29755.568359
1481    -29755.820312
1482    -29756.070312
1483    -29756.320312
1484    -29756.572266
1485    -29756.824219
1486    -29757.076172
1487    -29757.328125
1488    -29757.578125
1489    -29757.830078
1490    -29758.082031
1491    -29758.328125
1492    -29758.570312
1493    -29758.816406
1494    -29759.058594
1495    -29759.300781
1496    -29759.539062
1497    -29759.777344
1498    -29760.015625
1499    -29760.250000
1500    -29760.486328
1501    -29760.722656
1502    -29760.958984
1503    -29761.195312
1504    -29761.429688
1505    -29761.666016
1506    -29761.902344
1507    -29762.136719
1508    -29762.371094
1509    -29762.609375
1510    -29762.845703
1511    -29763.080078
1512    -29763.316406
1513    -29763.550781
1514    -29763.787109
1515    -29764.023438
1516    -29764.257812
1517    -29764.494141
1518    -29764.726562
1519    -29764.955078
1520    -29765.185547
1521    -29765.414062
1522    -29765.642578
1523    -29765.873047
1524    -29766.101562
1525    -29766.330078
1526    -29766.558594
1527    -29766.789062
1528    -29767.019531
1529    -29767.248047
1530    -29767.476562
1531    -29767.705078
1532    -29767.933594
1533    -29768.164062
1534    -29768.392578
1535    -29768.621094
1536    -29768.851562
1537    -29769.078125
1538    -29769.308594
1539    -29769.539062
1540    -29769.767578
1541    -29769.996094
1542    -29770.226562
1543    -29770.453125
1544    -29770.683594
1545    -29770.912109
1546    -29771.140625
1547    -29771.369141
1548    -29771.597656
1549    -29771.826172
1550    -29772.056641
1551    -29772.283203
1552    -29772.513672
1553    -29772.742188
1554    -29772.972656
1555    -29773.199219
1556    -29773.427734
1557    -29773.656250
1558    -29773.882812
1559    -29774.113281
1560    -29774.341797
1561    -29774.570312
1562    -29774.796875
1563    -29775.027344
1564    -29775.253906
1565    -29775.484375
1566    -29775.707031
1567    -29775.935547
1568    -29776.164062
1569    -29776.390625
1570    -29776.617188
1571    -29776.841797
1572    -29777.070312
1573    -29777.296875
1574    -29777.523438
1575    -29777.750000
1576    -29777.974609
1577    -29778.203125
1578    -29778.429688
1579    -29778.654297
1580    -29778.876953
1581    -29779.093750
1582    -29779.312500
1583    -29779.523438
1584    -29779.734375
1585    -29779.949219
1586    -29780.158203
1587    -29780.371094
1588    -29780.582031
1589    -29780.792969
1590    -29781.003906
1591    -29781.214844
1592    -29781.425781
1593    -29781.636719
1594    -29781.849609
1595    -29782.060547
1596    -29782.269531
1597    -29782.480469
1598    -29782.691406
1599    -29782.902344
1600    -29783.113281
1601    -29783.324219
1602    -29783.535156
1603    -29783.744141
1604    -29783.953125
1605    -29784.164062
1606    -29784.375000
1607    -29784.585938
1608    -29784.792969
1609    -29785.000000
1610    -29785.208984
1611    -29785.416016
1612    -29785.625000
1613    -29785.830078
1614    -29786.037109
1615    -29786.244141
1616    -29786.449219
1617    -29786.650391
1618    -29786.855469
1619    -29787.058594
1620    -29787.261719
1621    -29787.464844
1622    -29787.667969
1623    -29787.871094
1624    -29788.074219
1625    -29788.277344
1626    -29788.480469
1627    -29788.681641
1628    -29788.884766
1629    -29789.085938
1630    -29789.289062
1631    -29789.492188
1632    -29789.691406
1633    -29789.894531
1634    -29790.093750
1635    -29790.296875
1636    -29790.500000
1637    -29790.699219
1638    -29790.902344
1639    -29791.103516
1640    -29791.304688
1641    -29791.503906
1642    -29791.703125
1643    -29791.902344
1644    -29792.103516
1645    -29792.304688
1646    -29792.503906
1647    -29792.705078
1648    -29792.902344
1649    -29793.101562
1650    -29793.296875
1651    -29793.492188
1652    -29793.687500
1653    -29793.882812
1654    -29794.078125
1655    -29794.273438
1656    -29794.468750
1657    -29794.662109
1658    -29794.859375
1659    -29795.050781
1660    -29795.246094
1661    -29795.443359
1662    -29795.636719
1663    -29795.828125
1664    -29796.023438
1665    -29796.214844
1666    -29796.410156
1667    -29796.603516
1668    -29796.796875
1669    -29796.992188
1670    -29797.183594
1671    -29797.375000
1672    -29797.570312
1673    -29797.761719
1674    -29797.955078
1675    -29798.148438
1676    -29798.339844
1677    -29798.531250
1678    -29798.722656
1679    -29798.908203
1680    -29799.091797
1681    -29799.273438
1682    -29799.457031
1683    -29799.636719
1684    -29799.820312
1685    -29800.001953
1686    -29800.183594
1687    -29800.363281
1688    -29800.542969
1689    -29800.718750
1690    -29800.896484
1691    -29801.072266
1692    -29801.248047
1693    -29801.421875
1694    -29801.595703
1695    -29801.771484
1696    -29801.945312
1697    -29802.121094
1698    -29802.292969
1699    -29802.470703
1700    -29802.644531
1701    -29802.816406
1702    -29802.992188
1703    -29803.167969
1704    -29803.339844
1705    -29803.515625
1706    -29803.687500
1707    -29803.863281
1708    -29804.039062
1709    -29804.210938
1710    -29804.386719
1711    -29804.560547
1712    -29804.734375
1713    -29804.910156
1714    -29805.083984
1715    -29805.257812
1716    -29805.433594
1717    -29805.605469
1718    -29805.781250
1719    -29805.957031
1720    -29806.130859
1721    -29806.304688
1722    -29806.480469
1723    -29806.652344
1724    -29806.828125
1725    -29807.003906
1726    -29807.177734
1727    -29807.353516
1728    -29807.527344
1729    -29807.703125
1730    -29807.878906
1731    -29808.052734
1732    -29808.230469
1733    -29808.402344
1734    -29808.578125
1735    -29808.753906
1736    -29808.929688
1737    -29809.105469
1738    -29809.281250
1739    -29809.457031
1740    -29809.632812
1741    -29809.810547
1742    -29809.984375
1743    -29810.158203
1744    -29810.332031
1745    -29810.501953
1746    -29810.671875
1747    -29810.843750
1748    -29811.015625
1749    -29811.187500
1750    -29811.359375
1751    -29811.529297
1752    -29811.703125
1753    -29811.873047
1754    -29812.046875
1755    -29812.218750
1756    -29812.392578
1757    -29812.566406
1758    -29812.736328
1759    -29812.910156
1760    -29813.083984
1761    -29813.257812
1762    -29813.429688
1763    -29813.605469
1764    -29813.779297
1765    -29813.953125
1766    -29814.128906
1767    -29814.302734
1768    -29814.476562
1769    -29814.652344
1770    -29814.828125
1771    -29815.007812
1772    -29815.181641
1773    -29815.357422
1774    -29815.533203
1775    -29815.710938
1776    -29815.886719
1777    -29816.064453
1778    -29816.242188
1779    -29816.419922
1780    -29816.597656
1781    -29816.777344
1782    -29816.957031
1783    -29817.134766
1784    -29817.314453
1785    -29817.494141
1786    -29817.673828
1787    -29817.853516
1788    -29818.035156
1789    -29818.212891
1790    -29818.390625
1791    -29818.572266
1792    -29818.753906
1793    -29818.933594
1794    -29819.113281
1795    -29819.296875
1796    -29819.474609
1797    -29819.656250
1798    -29819.839844
1799    -29820.019531
1800    -29820.205078
1801    -29820.388672
1802    -29820.570312
1803    -29820.753906
1804    -29820.937500
1805    -29821.125000
1806    -29821.308594
1807    -29821.492188
1808    -29821.679688
1809    -29821.865234
1810    -29822.054688
1811    -29822.240234
1812    -29822.425781
1813    -29822.613281
1814    -29822.800781
1815    -29822.990234
1816    -29823.179688
1817    -29823.371094
1818    -29823.558594
1819    -29823.750000
1820    -29823.937500
1821    -29824.130859
1822    -29824.322266
1823    -29824.513672
1824    -29824.705078
1825    -29824.898438
1826    -29825.091797
1827    -29825.285156
1828    -29825.480469
1829    -29825.671875
1830    -29825.867188
1831    -29826.064453
1832    -29826.257812
1833    -29826.457031
1834    -29826.652344
1835    -29826.847656
1836    -29827.044922
1837    -29827.242188
1838    -29827.441406
1839    -29827.636719
1840    -29827.835938
1841    -29828.035156
1842    -29828.232422
1843    -29828.433594
1844    -29828.632812
1845    -29828.832031
1846    -29829.035156
1847    -29829.234375
1848    -29829.433594
1849    -29829.630859
1850    -29829.828125
1851    -29830.027344
1852    -29830.226562
1853    -29830.427734
1854    -29830.626953
1855    -29830.828125
1856    -29831.027344
1857    -29831.230469
1858    -29831.433594
1859    -29831.634766
1860    -29831.839844
1861    -29832.041016
1862    -29832.246094
1863    -29832.451172
1864    -29832.656250
1865    -29832.861328
1866    -29833.066406
1867    -29833.273438
1868    -29833.480469
1869    -29833.687500
1870    -29833.894531
1871    -29834.103516
1872    -29834.312500
1873    -29834.521484
1874    -29834.730469
1875    -29834.933594
1876    -29835.138672
1877    -29835.339844
1878    -29835.544922
1879    -29835.750000
1880    -29835.957031
1881    -29836.160156
1882    -29836.367188
1883    -29836.574219
1884    -29836.781250
1885    -29836.988281
1886    -29837.197266
1887    -29837.406250
1888    -29837.617188
1889    -29837.824219
1890    -29838.035156
1891    -29838.246094
1892    -29838.457031
1893    -29838.667969
1894    -29838.878906
1895    -29839.093750
1896    -29839.304688
1897    -29839.519531
1898    -29839.734375
1899    -29839.947266
1900    -29840.162109
1901    -29840.376953
1902    -29840.593750
1903    -29840.808594
1904    -29841.027344
1905    -29841.244141
1906    -29841.460938
1907    -29841.679688
1908    -29841.898438
1909    -29842.117188
1910    -29842.335938
1911    -29842.556641
1912    -29842.777344
1913    -29842.996094
1914    -29843.218750
1915    -29843.439453
1916    -29843.662109
1917    -29843.884766
1918    -29844.109375
1919    -29844.332031
1920    -29844.554688
1921    -29844.779297
1922    -29845.003906
1923    -29845.228516
1924    -29845.455078
1925    -29845.679688
1926    -29845.906250
1927    -29846.132812
1928    -29846.359375
1929    -29846.587891
1930    -29846.816406
1931    -29847.042969
1932    -29847.273438
1933    -29847.500000
1934    -29847.728516
1935    -29847.960938
1936    -29848.189453
1937    -29848.419922
1938    -29848.650391
1939    -29848.882812
1940    -29849.113281
1941    -29849.345703
1942    -29849.576172
1943    -29849.808594
1944    -29850.041016
1945    -29850.273438
1946    -29850.505859
1947    -29850.738281
1948    -29850.972656
1949    -29851.207031
1950    -29851.439453
1951    -29851.671875
1952    -29851.906250
1953    -29852.140625
1954    -29852.375000
1955    -29852.609375
1956    -29852.841797
1957    -29853.076172
1958    -29853.308594
1959    -29853.542969
1960    -29853.775391
1961    -29854.011719
1962    -29854.244141
1963    -29854.476562
1964    -29854.710938
1965    -29854.945312
1966    -29855.179688
1967    -29855.416016
1968    -29855.650391
1969    -29855.882812
1970    -29856.119141
1971    -29856.353516
1972    -29856.589844
1973    -29856.824219
1974    -29857.058594
1975    -29857.291016
1976    -29857.527344
1977    -29857.763672
1978    -29857.996094
1979    -29858.230469
1980    -29858.464844
1981    -29858.699219
1982    -29858.933594
1983    -29859.169922
1984    -29859.402344
1985    -29859.636719
1986    -29859.871094
1987    -29860.101562
1988    -29860.333984
1989    -29860.566406
1990    -29860.796875
1991    -29861.027344
1992    -29861.257812
1993    -29861.488281
1994    -29861.718750
1995    -29861.949219
1996    -29862.179688
1997    -29862.410156
1998    -29862.638672
1999    -29862.867188
2000    -29863.097656
2001    -29863.324219
2002    -29863.552734
2003    -29863.781250
2004    -29864.007812
2005    -29864.238281
2006    -29864.460938
2007    -29864.679688
2008    -29864.898438
2009    -29865.115234
2010    -29865.332031
2011    -29865.546875
2012    -29865.765625
2013    -29865.980469
2014    -29866.195312
2015    -29866.410156
2016    -29866.625000
2017    -29866.839844
2018    -29867.046875
2019    -29867.253906
2020    -29867.460938
2021    -29867.667969
2022    -29867.875000
2023    -29868.082031
2024    -29868.285156
2025    -29868.492188
2026    -29868.695312
2027    -29868.900391
2028    -29869.105469
2029    -29869.304688
2030    -29869.507812
2031    -29869.710938
2032    -29869.914062
2033    -29870.113281
2034    -29870.312500
2035    -29870.513672
2036    -29870.712891
2037    -29870.910156
2038    -29871.109375
2039    -29871.304688
2040    -29871.496094
2041    -29871.691406
2042    -29871.884766
2043    -29872.074219
2044    -29872.265625
2045    -29872.457031
2046    -29872.648438
2047    -29872.839844
2048    -29873.029297
2049    -29873.218750
2050    -29873.406250
2051    -29873.593750
2052    -29873.781250
2053    -29873.964844
2054    -29874.152344
2055    -29874.339844
2056    -29874.523438
2057    -29874.707031
2058    -29874.890625
2059    -29875.074219
2060    -29875.255859
2061    -29875.437500
2062    -29875.617188
2063    -29875.798828
2064    -29875.980469
2065    -29876.156250
2066    -29876.335938
2067    -29876.515625
2068    -29876.691406
2069    -29876.867188
2070    -29877.042969
2071    -29877.218750
2072    -29877.390625
2073    -29877.566406
2074    -29877.738281
2075    -29877.910156
2076    -29878.080078
2077    -29878.253906
2078    -29878.421875
2079    -29878.591797
2080    -29878.761719
2081    -29878.929688
2082    -29879.097656
2083    -29879.265625
2084    -29879.431641
2085    -29879.599609
2086    -29879.765625
2087    -29879.929688
2088    -29880.093750
2089    -29880.257812
2090    -29880.421875
2091    -29880.583984
2092    -29880.746094
2093    -29880.908203
2094    -29881.068359
2095    -29881.230469
2096    -29881.390625
2097    -29881.550781
2098    -29881.707031
2099    -29881.867188
2100    -29882.023438
2101    -29882.179688
2102    -29882.337891
2103    -29882.494141
2104    -29882.648438
2105    -29882.804688
2106    -29882.960938
2107    -29883.113281
2108    -29883.267578
2109    -29883.421875
2110    -29883.574219
2111    -29883.726562
2112    -29883.876953
2113    -29884.029297
2114    -29884.179688
2115    -29884.332031
2116    -29884.478516
2117    -29884.628906
2118    -29884.777344
2119    -29884.925781
2120    -29885.074219
2121    -29885.222656
2122    -29885.369141
2123    -29885.515625
2124    -29885.662109
2125    -29885.806641
2126    -29885.949219
2127    -29886.093750
2128    -29886.234375
2129    -29886.375000
2130    -29886.511719
2131    -29886.648438
2132    -29886.785156
2133    -29886.921875
2134    -29887.056641
2135    -29887.191406
2136    -29887.326172
2137    -29887.460938
2138    -29887.595703
2139    -29887.730469
2140    -29887.863281
2141    -29887.998047
2142    -29888.128906
2143    -29888.261719
2144    -29888.394531
2145    -29888.527344
2146    -29888.658203
2147    -29888.791016
2148    -29888.921875
2149    -29889.050781
2150    -29889.183594
2151    -29889.312500
2152    -29889.441406
2153    -29889.570312
2154    -29889.701172
2155    -29889.830078
2156    -29889.958984
2157    -29890.087891
2158    -29890.214844
2159    -29890.343750
2160    -29890.470703
2161    -29890.597656
2162    -29890.724609
2163    -29890.851562
2164    -29890.976562
2165    -29891.103516
2166    -29891.230469
2167    -29891.355469
2168    -29891.480469
2169    -29891.605469
2170    -29891.730469
2171    -29891.855469
2172    -29891.980469
2173    -29892.103516
2174    -29892.226562
2175    -29892.351562
2176    -29892.472656
2177    -29892.597656
2178    -29892.720703
2179    -29892.841797
2180    -29892.964844
2181    -29893.089844
2182    -29893.210938
2183    -29893.332031
2184    -29893.453125
2185    -29893.574219
2186    -29893.695312
2187    -29893.816406
2188    -29893.937500
2189    -29894.058594
2190    -29894.177734
2191    -29894.296875
2192    -29894.417969
2193    -29894.535156
2194    -29894.652344
2195    -29894.769531
2196    -29894.890625
2197    -29895.005859
2198    -29895.123047
2199    -29895.240234
2200    -29895.357422
2201    -29895.474609
2202    -29895.589844
2203    -29895.707031
2204    -29895.822266
2205    -29895.939453
2206    -29896.054688
2207    -29896.167969
2208    -29896.285156
2209    -29896.400391
2210    -29896.515625
2211    -29896.630859
2212    -29896.744141
2213    -29896.859375
2214    -29896.972656
2215    -29897.085938
2216    -29897.199219
2217    -29897.316406
2218    -29897.427734
2219    -29897.539062
2220    -29897.652344
2221    -29897.767578
2222    -29897.880859
2223    -29897.992188
2224    -29898.101562
2225    -29898.208984
2226    -29898.316406
2227    -29898.423828
2228    -29898.527344
2229    -29898.632812
2230    -29898.738281
2231    -29898.843750
2232    -29898.949219
2233    -29899.054688
2234    -29899.160156
2235    -29899.265625
2236    -29899.367188
2237    -29899.472656
2238    -29899.578125
2239    -29899.681641
2240    -29899.785156
2241    -29899.888672
2242    -29899.992188
2243    -29900.097656
2244    -29900.199219
2245    -29900.304688
2246    -29900.406250
2247    -29900.511719
2248    -29900.611328
2249    -29900.714844
2250    -29900.818359
2251    -29900.921875
2252    -29901.019531
2253    -29901.121094
2254    -29901.224609
2255    -29901.328125
2256    -29901.425781
2257    -29901.527344
2258    -29901.628906
2259    -29901.730469
2260    -29901.832031
2261    -29901.931641
2262    -29902.029297
2263    -29902.123047
2264    -29902.214844
2265    -29902.310547
2266    -29902.404297
2267    -29902.494141
2268    -29902.585938
2269    -29902.667969
2270    -29902.750000
2271    -29902.835938
2272    -29902.917969
2273    -29903.000000
2274    -29903.083984
2275    -29903.167969
2276    -29903.250000
2277    -29903.332031
2278    -29903.414062
2279    -29903.496094
2280    -29903.578125
2281    -29903.660156
2282    -29903.742188
2283    -29903.824219
2284    -29903.906250
2285    -29903.988281
2286    -29904.066406
2287    -29904.150391
2288    -29904.230469
2289    -29904.310547
2290    -29904.392578
2291    -29904.472656
2292    -29904.554688
2293    -29904.632812
2294    -29904.712891
2295    -29904.791016
2296    -29904.865234
2297    -29904.941406
2298    -29905.015625
2299    -29905.093750
2300    -29905.162109
2301    -29905.228516
2302    -29905.298828
2303    -29905.369141
2304    -29905.437500
2305    -29905.507812
2306    -29905.574219
2307    -29905.642578
2308    -29905.710938
2309    -29905.781250
2310    -29905.849609
2311    -29905.916016
2312    -29905.984375
2313    -29906.054688
2314    -29906.121094
2315    -29906.187500
2316    -29906.255859
2317    -29906.324219
2318    -29906.390625
2319    -29906.457031
2320    -29906.525391
2321    -29906.591797
2322    -29906.658203
2323    -29906.726562
2324    -29906.791016
2325    -29906.859375
2326    -29906.925781
2327    -29906.990234
2328    -29907.058594
2329    -29907.125000
2330    -29907.189453
2331    -29907.253906
2332    -29907.320312
2333    -29907.386719
2334    -29907.453125
2335    -29907.519531
2336    -29907.582031
2337    -29907.648438
2338    -29907.714844
2339    -29907.779297
2340    -29907.843750
2341    -29907.910156
2342    -29907.972656
2343    -29908.037109
2344    -29908.101562
2345    -29908.166016
2346    -29908.230469
2347    -29908.292969
2348    -29908.359375
2349    -29908.421875
2350    -29908.486328
2351    -29908.548828
2352    -29908.613281
2353    -29908.675781
2354    -29908.738281
2355    -29908.804688
2356    -29908.865234
2357    -29908.929688
2358    -29908.992188
2359    -29909.054688
2360    -29909.117188
2361    -29909.181641
2362    -29909.244141
2363    -29909.304688
2364    -29909.367188
2365    -29909.429688
2366    -29909.488281
2367    -29909.550781
2368    -29909.609375
2369    -29909.671875
2370    -29909.730469
2371    -29909.791016
2372    -29909.851562
2373    -29909.910156
2374    -29909.968750
2375    -29910.029297
2376    -29910.085938
2377    -29910.144531
2378    -29910.205078
2379    -29910.263672
2380    -29910.324219
2381    -29910.380859
2382    -29910.441406
2383    -29910.498047
2384    -29910.558594
2385    -29910.617188
2386    -29910.673828
2387    -29910.732422
2388    -29910.791016
2389    -29910.849609
2390    -29910.906250
2391    -29910.964844
2392    -29911.023438
2393    -29911.082031
2394    -29911.138672
2395    -29911.195312
2396    -29911.253906
2397    -29911.310547
2398    -29911.367188
2399    -29911.425781
2400    -29911.482422
2401    -29911.539062
2402    -29911.595703
2403    -29911.652344
2404    -29911.710938
2405    -29911.769531
2406    -29911.824219
2407    -29911.878906
2408    -29911.937500
2409    -29911.992188
2410    -29912.050781
2411    -29912.107422
2412    -29912.164062
2413    -29912.218750
2414    -29912.277344
2415    -29912.332031
2416    -29912.386719
2417    -29912.445312
2418    -29912.500000
2419    -29912.550781
2420    -29912.603516
2421    -29912.654297
2422    -29912.707031
2423    -29912.757812
2424    -29912.812500
2425    -29912.863281
2426    -29912.912109
2427    -29912.960938
2428    -29913.011719
2429    -29913.062500
2430    -29913.111328
2431    -29913.162109
2432    -29913.210938
2433    -29913.261719
2434    -29913.312500
2435    -29913.363281
2436    -29913.410156
2437    -29913.460938
2438    -29913.511719
2439    -29913.560547
2440    -29913.609375
2441    -29913.660156
2442    -29913.710938
2443    -29913.759766
2444    -29913.808594
2445    -29913.859375
2446    -29913.908203
2447    -29913.958984
2448    -29914.007812
2449    -29914.056641
2450    -29914.105469
2451    -29914.156250
2452    -29914.205078
2453    -29914.253906
2454    -29914.304688
2455    -29914.355469
2456    -29914.404297
2457    -29914.453125
2458    -29914.501953
2459    -29914.550781
2460    -29914.601562
2461    -29914.648438
2462    -29914.699219
2463    -29914.750000
2464    -29914.796875
2465    -29914.847656
2466    -29914.896484
2467    -29914.945312
2468    -29914.996094
2469    -29915.046875
2470    -29915.095703
2471    -29915.142578
2472    -29915.193359
2473    -29915.242188
2474    -29915.291016
2475    -29915.341797
2476    -29915.390625
2477    -29915.439453
2478    -29915.488281
2479    -29915.537109
2480    -29915.585938
2481    -29915.636719
2482    -29915.683594
2483    -29915.734375
2484    -29915.783203
2485    -29915.833984
2486    -29915.882812
2487    -29915.933594
2488    -29915.982422
2489    -29916.031250
2490    -29916.078125
2491    -29916.130859
2492    -29916.179688
2493    -29916.228516
2494    -29916.277344
2495    -29916.328125
2496    -29916.376953
2497    -29916.425781
2498    -29916.474609
2499    -29916.523438
2500    -29916.574219
2501    -29916.623047
2502    -29916.671875
2503    -29916.722656
2504    -29916.771484
2505    -29916.820312
2506    -29916.871094
2507    -29916.921875
2508    -29916.968750
2509    -29917.019531
2510    -29917.068359
2511    -29917.119141
2512    -29917.167969
2513    -29917.218750
2514    -29917.265625
2515    -29917.316406
2516    -29917.367188
2517    -29917.416016
2518    -29917.466797
2519    -29917.515625
2520    -29917.566406
2521    -29917.615234
2522    -29917.664062
2523    -29917.714844
2524    -29917.765625
2525    -29917.814453
2526    -29917.865234
2527    -29917.914062
2528    -29917.964844
2529    -29918.015625
2530    -29918.066406
2531    -29918.115234
2532    -29918.164062
2533    -29918.214844
2534    -29918.265625
2535    -29918.316406
2536    -29918.367188
2537    -29918.417969
2538    -29918.466797
2539    -29918.517578
2540    -29918.568359
2541    -29918.617188
2542    -29918.667969
2543    -29918.718750
2544    -29918.769531
2545    -29918.820312
2546    -29918.871094
2547    -29918.921875
2548    -29918.972656
2549    -29919.023438
2550    -29919.074219
2551    -29919.125000
2552    -29919.175781
2553    -29919.226562
2554    -29919.279297
2555    -29919.330078
2556    -29919.382812
2557    -29919.433594
2558    -29919.484375
2559    -29919.535156
2560    -29919.587891
2561    -29919.640625
2562    -29919.691406
2563    -29919.742188
2564    -29919.794922
2565    -29919.847656
2566    -29919.898438
2567    -29919.951172
2568    -29920.003906
2569    -29920.054688
2570    -29920.105469
2571    -29920.158203
2572    -29920.212891
2573    -29920.263672
2574    -29920.316406
2575    -29920.371094
2576    -29920.421875
2577    -29920.474609
2578    -29920.527344
2579    -29920.582031
2580    -29920.632812
2581    -29920.687500
2582    -29920.742188
2583    -29920.792969
2584    -29920.847656
2585    -29920.902344
2586    -29920.955078
2587    -29921.009766
2588    -29921.058594
2589    -29921.105469
2590    -29921.156250
2591    -29921.205078
2592    -29921.253906
2593    -29921.304688
2594    -29921.353516
2595    -29921.402344
2596    -29921.453125
2597    -29921.501953
2598    -29921.550781
2599    -29921.601562
2600    -29921.652344
2601    -29921.701172
2602    -29921.750000
2603    -29921.802734
2604    -29921.851562
2605    -29921.902344
2606    -29921.953125
2607    -29922.003906
2608    -29922.056641
2609    -29922.107422
2610    -29922.158203
2611    -29922.208984
2612    -29922.261719
2613    -29922.312500
2614    -29922.365234
2615    -29922.417969
2616    -29922.470703
2617    -29922.523438
2618    -29922.574219
2619    -29922.628906
2620    -29922.679688
2621    -29922.734375
2622    -29922.787109
2623    -29922.839844
2624    -29922.892578
2625    -29922.949219
2626    -29923.000000
2627    -29923.054688
2628    -29923.109375
2629    -29923.164062
2630    -29923.218750
2631    -29923.273438
2632    -29923.328125
2633    -29923.382812
2634    -29923.437500
2635    -29923.492188
2636    -29923.546875
2637    -29923.603516
2638    -29923.658203
2639    -29923.714844
2640    -29923.773438
2641    -29923.828125
2642    -29923.882812
2643    -29923.941406
2644    -29923.998047
2645    -29924.054688
2646    -29924.113281
2647    -29924.167969
2648    -29924.226562
2649    -29924.285156
2650    -29924.341797
2651    -29924.402344
2652    -29924.457031
2653    -29924.515625
2654    -29924.576172
2655    -29924.632812
2656    -29924.691406
2657    -29924.750000
2658    -29924.808594
2659    -29924.869141
2660    -29924.927734
2661    -29924.986328
2662    -29925.046875
2663    -29925.105469
2664    -29925.166016
2665    -29925.224609
2666    -29925.285156
2667    -29925.347656
2668    -29925.406250
2669    -29925.468750
2670    -29925.527344
2671    -29925.589844
2672    -29925.650391
2673    -29925.712891
2674    -29925.773438
2675    -29925.835938
2676    -29925.898438
2677    -29925.960938
2678    -29926.023438
2679    -29926.082031
2680    -29926.148438
2681    -29926.207031
2682    -29926.271484
2683    -29926.335938
2684    -29926.398438
2685    -29926.460938
2686    -29926.523438
2687    -29926.587891
2688    -29926.652344
2689    -29926.714844
2690    -29926.777344
2691    -29926.843750
2692    -29926.906250
2693    -29926.970703
2694    -29927.035156
2695    -29927.099609
2696    -29927.164062
2697    -29927.228516
2698    -29927.292969
2699    -29927.359375
2700    -29927.421875
2701    -29927.488281
2702    -29927.552734
2703    -29927.617188
2704    -29927.683594
2705    -29927.746094
2706    -29927.812500
2707    -29927.878906
2708    -29927.943359
2709    -29928.007812
2710    -29928.074219
2711    -29928.140625
2712    -29928.205078
2713    -29928.269531
2714    -29928.335938
2715    -29928.402344
2716    -29928.468750
2717    -29928.531250
2718    -29928.597656
2719    -29928.664062
2720    -29928.728516
2721    -29928.791016
2722    -29928.855469
2723    -29928.917969
2724    -29928.982422
2725    -29929.046875
2726    -29929.109375
2727    -29929.173828
2728    -29929.238281
2729    -29929.300781
2730    -29929.365234
2731    -29929.427734
2732    -29929.492188
2733    -29929.554688
2734    -29929.617188
2735    -29929.681641
2736    -29929.744141
2737    -29929.808594
2738    -29929.871094
2739    -29929.933594
2740    -29929.998047
2741    -29930.060547
2742    -29930.121094
2743    -29930.185547
2744    -29930.248047
2745    -29930.310547
2746    -29930.371094
2747    -29930.433594
2748    -29930.496094
2749    -29930.558594
2750    -29930.621094
2751    -29930.681641
2752    -29930.742188
2753    -29930.804688
2754    -29930.867188
2755    -29930.927734
2756    -29930.988281
2757    -29931.048828
2758    -29931.109375
2759    -29931.171875
2760    -29931.230469
2761    -29931.289062
2762    -29931.349609
2763    -29931.410156
2764    -29931.468750
2765    -29931.527344
2766    -29931.585938
2767    -29931.646484
2768    -29931.703125
2769    -29931.763672
2770    -29931.820312
2771    -29931.880859
2772    -29931.937500
2773    -29931.996094
2774    -29932.054688
2775    -29932.109375
2776    -29932.167969
2777    -29932.226562
2778    -29932.281250
2779    -29932.337891
2780    -29932.394531
2781    -29932.449219
2782    -29932.505859
2783    -29932.562500
2784    -29932.617188
2785    -29932.671875
2786    -29932.726562
2787    -29932.781250
2788    -29932.835938
2789    -29932.890625
2790    -29932.945312
2791    -29932.998047
2792    -29933.050781
2793    -29933.105469
2794    -29933.160156
2795    -29933.212891
2796    -29933.265625
2797    -29933.316406
2798    -29933.367188
2799    -29933.417969
2800    -29933.470703
2801    -29933.523438
2802    -29933.574219
2803    -29933.625000
2804    -29933.675781
2805    -29933.726562
2806    -29933.775391
2807    -29933.824219
2808    -29933.875000
2809    -29933.921875
2810    -29933.972656
2811    -29934.023438
2812    -29934.070312
2813    -29934.117188
2814    -29934.167969
2815    -29934.214844
2816    -29934.261719
2817    -29934.308594
2818    -29934.357422
2819    -29934.406250
2820    -29934.449219
2821    -29934.496094
2822    -29934.542969
2823    -29934.589844
2824    -29934.634766
2825    -29934.681641
2826    -29934.726562
2827    -29934.771484
2828    -29934.816406
2829    -29934.859375
2830    -29934.906250
2831    -29934.949219
2832    -29934.992188
2833    -29935.035156
2834    -29935.078125
2835    -29935.123047
2836    -29935.164062
2837    -29935.207031
2838    -29935.251953
2839    -29935.292969
2840    -29935.335938
2841    -29935.376953
2842    -29935.417969
2843    -29935.458984
2844    -29935.500000
2845    -29935.541016
2846    -29935.582031
2847    -29935.617188
2848    -29935.652344
2849    -29935.687500
2850    -29935.722656
2851    -29935.757812
2852    -29935.792969
2853    -29935.828125
2854    -29935.861328
2855    -29935.896484
2856    -29935.929688
2857    -29935.964844
2858    -29935.998047
2859    -29936.031250
2860    -29936.064453
2861    -29936.097656
2862    -29936.130859
2863    -29936.164062
2864    -29936.195312
2865    -29936.226562
2866    -29936.259766
2867    -29936.292969
2868    -29936.322266
2869    -29936.355469
2870    -29936.386719
2871    -29936.417969
2872    -29936.449219
2873    -29936.478516
2874    -29936.511719
2875    -29936.539062
2876    -29936.572266
2877    -29936.601562
2878    -29936.630859
2879    -29936.660156
2880    -29936.689453
2881    -29936.720703
2882    -29936.750000
2883    -29936.779297
2884    -29936.808594
2885    -29936.835938
2886    -29936.863281
2887    -29936.892578
2888    -29936.921875
2889    -29936.949219
2890    -29936.978516
2891    -29937.005859
2892    -29937.031250
2893    -29937.060547
2894    -29937.085938
2895    -29937.113281
2896    -29937.140625
2897    -29937.167969
2898    -29937.195312
2899    -29937.220703
2900    -29937.250000
2901    -29937.275391
2902    -29937.300781
2903    -29937.326172
2904    -29937.351562
2905    -29937.378906
2906    -29937.402344
2907    -29937.429688
2908    -29937.453125
2909    -29937.480469
2910    -29937.503906
2911    -29937.531250
2912    -29937.554688
2913    -29937.578125
2914    -29937.603516
2915    -29937.628906
2916    -29937.652344
2917    -29937.675781
2918    -29937.699219
2919    -29937.724609
2920    -29937.750000
2921    -29937.771484
2922    -29937.796875
2923    -29937.816406
2924    -29937.839844
2925    -29937.865234
2926    -29937.888672
2927    -29937.910156
2928    -29937.933594
2929    -29937.957031
2930    -29937.980469
2931    -29938.001953
2932    -29938.023438
2933    -29938.046875
2934    -29938.066406
2935    -29938.085938
2936    -29938.105469
2937    -29938.123047
2938    -29938.140625
2939    -29938.160156
2940    -29938.179688
2941    -29938.197266
2942    -29938.214844
2943    -29938.234375
2944    -29938.251953
2945    -29938.269531
2946    -29938.287109
2947    -29938.304688
2948    -29938.320312
2949    -29938.339844
2950    -29938.355469
2951    -29938.373047
2952    -29938.390625
2953    -29938.408203
2954    -29938.423828
