Step            Loss
--------------------
1       -1685.615234
2       -2472.854492
3       -3260.093262
4       -4047.356201
5       -4834.626465
6       -5621.932617
7       -6409.279785
8       -7196.682129
9       -7984.157715
10      -8771.711914
11      -9559.375000
12      -10347.160156
13      -11135.089844
14      -11923.188477
15      -12711.480469
16      -13499.996094
17      -14288.748047
18      -15077.773438
19      -15867.093750
20      -16656.742188
21      -17446.738281
22      -18237.117188
23      -19027.904297
24      -19819.136719
25      -20610.832031
26      -21403.035156
27      -22195.759766
28      -22989.054688
29      -23782.937500
30      -24577.453125
31      -25372.621094
32      -26168.480469
33      -26965.066406
34      -27762.406250
35      -28560.535156
36      -29359.486328
37      -30159.294922
38      -30959.984375
39      -31761.599609
40      -32564.166016
41      -33367.718750
42      -34172.281250
43      -34977.898438
44      -35784.593750
45      -36592.394531
46      -37401.335938
47      -38211.437500
48      -39022.742188
49      -39835.265625
50      -40649.046875
51      -41464.105469
52      -42280.468750
53      -43098.164062
54      -43917.218750
55      -44737.656250
56      -45559.503906
57      -46382.781250
58      -47207.507812
59      -48033.718750
60      -48861.421875
61      -49690.648438
62      -50521.429688
63      -51353.765625
64      -52187.679688
65      -53023.203125
66      -53860.351562
67      -54699.132812
68      -55539.570312
69      -56381.695312
70      -57225.500000
71      -58071.023438
72      -58918.261719
73      -59767.250000
74      -60617.972656
75      -61470.476562
76      -62324.757812
77      -63180.828125
78      -64038.710938
79      -64898.406250
80      -65759.929688
81      -66623.281250
82      -67488.500000
83      -68355.562500
84      -69224.484375
85      -70095.281250
86      -70967.968750
87      -71842.531250
88      -72718.984375
89      -73597.343750
90      -74477.593750
91      -75359.750000
92      -76243.812500
93      -77129.812500
94      -78017.703125
95      -78907.515625
96      -79799.250000
97      -80692.890625
98      -81588.468750
99      -82485.953125
100     -83385.351562
101     -84286.671875
102     -85189.890625
103     -86095.023438
104     -87002.062500
105     -87911.000000
106     -88821.820312
107     -89734.546875
108     -90649.140625
109     -91565.625000
110     -92483.976562
111     -93404.195312
112     -94326.257812
113     -95250.164062
114     -96175.914062
115     -97103.484375
116     -98032.882812
117     -98964.078125
118     -99897.070312
119     -100831.835938
120     -101768.390625
121     -102706.679688
122     -103646.734375
123     -104588.500000
124     -105531.984375
125     -106477.140625
126     -107423.968750
127     -108372.453125
128     -109322.609375
129     -110274.406250
130     -111227.812500
131     -112182.828125
132     -113139.421875
133     -114097.562500
134     -115057.187500
135     -116018.351562
136     -116981.015625
137     -117945.187500
138     -118910.812500
139     -119877.882812
140     -120846.382812
141     -121816.273438
142     -122787.554688
143     -123760.203125
144     -124734.187500
145     -125709.492188
146     -126686.093750
147     -127663.960938
148     -128643.085938
149     -129623.429688
150     -130604.976562
151     -131587.687500
152     -132571.562500
153     -133556.562500
154     -134542.546875
155     -135529.593750
156     -136517.687500
157     -137506.812500
158     -138496.921875
159     -139487.984375
160     -140480.000000
161     -141472.937500
162     -142466.765625
163     -143461.437500
164     -144456.953125
165     -145453.250000
166     -146450.343750
167     -147448.171875
168     -148446.718750
169     -149445.968750
170     -150445.843750
171     -151446.375000
172     -152447.500000
173     -153449.218750
174     -154451.453125
175     -155454.187500
176     -156457.421875
177     -157461.125000
178     -158465.031250
179     -159469.328125
180     -160473.984375
181     -161478.968750
182     -162484.187500
183     -163489.609375
184     -164495.218750
185     -165501.046875
186     -166507.031250
187     -167513.187500
188     -168519.437500
189     -169525.796875
190     -170532.203125
191     -171538.531250
192     -172544.750000
193     -173550.953125
194     -174557.015625
195     -175563.000000
196     -176568.843750
197     -177574.531250
198     -178579.937500
199     -179585.000000
200     -180589.812500
201     -181594.328125
202     -182598.453125
203     -183602.125000
204     -184605.187500
205     -185607.843750
206     -186610.031250
207     -187611.656250
208     -188612.828125
209     -189613.406250
210     -190613.328125
211     -191612.500000
212     -192611.031250
213     -193608.843750
214     -194605.843750
215     -195601.968750
216     -196597.281250
217     -197591.796875
218     -198585.500000
219     -199578.343750
220     -200570.343750
221     -201561.468750
222     -202551.687500
223     -203541.015625
224     -204529.359375
225     -205516.750000
226     -206502.968750
227     -207487.968750
228     -208471.812500
229     -209454.515625
230     -210435.984375
231     -211416.250000
232     -212395.375000
233     -213373.234375
234     -214349.781250
235     -215325.031250
236     -216299.000000
237     -217271.718750
238     -218243.000000
239     -219212.906250
240     -220181.421875
241     -221148.453125
242     -222113.843750
243     -223077.640625
244     -224039.968750
245     -225000.781250
246     -225959.953125
247     -226917.531250
248     -227873.375000
249     -228827.531250
250     -229780.000000
251     -230730.734375
252     -231679.718750
253     -232627.046875
254     -233572.687500
255     -234516.625000
256     -235458.859375
257     -236399.328125
258     -237337.968750
259     -238274.531250
260     -239209.187500
261     -240141.750000
262     -241072.375000
263     -242001.015625
264     -242927.781250
265     -243852.609375
266     -244775.312500
267     -245695.875000
268     -246614.312500
269     -247530.609375
270     -248444.781250
271     -249356.937500
272     -250266.828125
273     -251174.406250
274     -252079.953125
275     -252983.453125
276     -253884.671875
277     -254783.484375
278     -255680.093750
279     -256574.468750
280     -257466.625000
281     -258356.578125
282     -259244.250000
283     -260129.625000
284     -261012.531250
285     -261893.156250
286     -262771.437500
287     -263647.281250
288     -264520.781250
289     -265391.875000
290     -266260.718750
291     -267127.343750
292     -267991.468750
293     -268853.000000
294     -269712.093750
295     -270568.687500
296     -271422.718750
297     -272273.812500
298     -273122.375000
299     -273968.375000
300     -274811.906250
301     -275653.000000
302     -276491.718750
303     -277328.000000
304     -278161.812500
305     -278993.093750
306     -279821.531250
307     -280647.062500
308     -281470.187500
309     -282290.500000
310     -283108.156250
311     -283923.281250
312     -284735.875000
313     -285545.750000
314     -286352.937500
315     -287157.437500
316     -287959.125000
317     -288758.187500
318     -289554.375000
319     -290347.562500
320     -291137.750000
321     -291925.125000
322     -292709.812500
323     -293491.656250
324     -294270.625000
325     -295046.875000
326     -295820.406250
327     -296590.937500
328     -297358.656250
329     -298123.437500
330     -298885.468750
331     -299644.625000
332     -300400.843750
333     -301154.250000
334     -301904.687500
335     -302652.031250
336     -303396.312500
337     -304137.156250
338     -304874.812500
339     -305609.375000
340     -306340.718750
341     -307068.750000
342     -307793.937500
343     -308516.093750
344     -309235.437500
345     -309951.843750
346     -310665.187500
347     -311375.593750
348     -312083.468750
349     -312788.812500
350     -313491.375000
351     -314190.937500
352     -314887.250000
353     -315580.437500
354     -316270.687500
355     -316958.000000
356     -317642.437500
357     -318324.187500
358     -319003.250000
359     -319679.500000
360     -320352.937500
361     -321023.562500
362     -321691.312500
363     -322356.000000
364     -323017.062500
365     -323675.187500
366     -324330.625000
367     -324982.812500
368     -325632.125000
369     -326278.625000
370     -326922.156250
371     -327562.625000
372     -328199.937500
373     -328834.312500
374     -329465.968750
375     -330094.375000
376     -330719.781250
377     -331342.125000
378     -331961.125000
379     -332577.375000
380     -333190.812500
381     -333801.250000
382     -334408.625000
383     -335013.062500
384     -335614.625000
385     -336213.125000
386     -336808.562500
387     -337401.062500
388     -337990.468750
389     -338576.062500
390     -339158.312500
391     -339737.718750
392     -340313.593750
393     -340886.250000
394     -341455.562500
395     -342021.593750
396     -342584.781250
397     -343144.875000
398     -343702.125000
399     -344256.750000
400     -344808.468750
401     -345357.500000
402     -345903.468750
403     -346446.187500
404     -346985.812500
405     -347522.281250
406     -348055.593750
407     -348585.687500
408     -349112.625000
409     -349636.312500
410     -350156.562500
411     -350673.843750
412     -351188.031250
413     -351699.000000
414     -352206.093750
415     -352710.000000
416     -353210.937500
417     -353709.281250
418     -354204.250000
419     -354695.562500
420     -355183.750000
421     -355668.562500
422     -356150.375000
423     -356629.125000
424     -357104.875000
425     -357577.375000
426     -358047.062500
427     -358514.062500
428     -358978.125000
429     -359439.843750
430     -359898.500000
431     -360353.875000
432     -360806.250000
433     -361255.281250
434     -361701.562500
435     -362144.875000
436     -362585.531250
437     -363023.312500
438     -363458.343750
439     -363891.187500
440     -364321.062500
441     -364748.031250
442     -365172.062500
443     -365593.343750
444     -366011.906250
445     -366428.000000
446     -366841.937500
447     -367253.562500
448     -367662.375000
449     -368068.625000
450     -368472.062500
451     -368872.812500
452     -369270.687500
453     -369665.718750
454     -370058.437500
455     -370449.031250
456     -370837.468750
457     -371223.125000
458     -371605.656250
459     -371985.031250
460     -372361.062500
461     -372734.500000
462     -373106.125000
463     -373475.437500
464     -373842.125000
465     -374206.375000
466     -374567.562500
467     -374925.625000
468     -375281.125000
469     -375633.343750
470     -375983.250000
471     -376331.312500
472     -376676.500000
473     -377019.125000
474     -377359.375000
475     -377697.187500
476     -378032.468750
477     -378365.593750
478     -378695.937500
479     -379023.875000
480     -379349.250000
481     -379672.312500
482     -379992.718750
483     -380311.187500
484     -380627.468750
485     -380941.656250
486     -381253.343750
487     -381562.906250
488     -381870.468750
489     -382175.843750
490     -382478.750000
491     -382779.500000
492     -383077.687500
493     -383373.500000
494     -383667.156250
495     -383959.250000
496     -384249.375000
497     -384537.562500
498     -384823.812500
499     -385107.937500
500     -385390.500000
501     -385670.906250
502     -385948.562500
503     -386223.937500
504     -386496.625000
505     -386766.531250
506     -387034.187500
507     -387299.562500
508     -387562.812500
509     -387823.968750
510     -388083.500000
511     -388341.125000
512     -388597.031250
513     -388850.968750
514     -389102.343750
515     -389351.125000
516     -389597.906250
517     -389841.906250
518     -390083.781250
519     -390324.000000
520     -390562.375000
521     -390798.875000
522     -391033.750000
523     -391267.031250
524     -391498.062500
525     -391727.375000
526     -391954.812500
527     -392180.437500
528     -392404.437500
529     -392626.968750
530     -392847.437500
531     -393066.250000
532     -393283.062500
533     -393498.250000
534     -393711.156250
535     -393921.718750
536     -394130.437500
537     -394337.218750
538     -394542.218750
539     -394745.093750
540     -394946.343750
541     -395146.031250
542     -395343.750000
543     -395539.531250
544     -395733.625000
545     -395926.062500
546     -396116.250000
547     -396304.718750
548     -396491.250000
549     -396676.125000
550     -396859.062500
551     -397040.062500
552     -397219.625000
553     -397397.406250
554     -397573.875000
555     -397748.625000
556     -397921.718750
557     -398093.531250
558     -398263.562500
559     -398431.625000
560     -398597.937500
561     -398762.312500
562     -398925.000000
563     -399086.250000
564     -399245.656250
565     -399403.812500
566     -399560.312500
567     -399715.625000
568     -399869.531250
569     -400022.187500
570     -400173.656250
571     -400324.000000
572     -400473.187500
573     -400621.218750
574     -400768.125000
575     -400913.875000
576     -401058.312500
577     -401201.625000
578     -401343.750000
579     -401484.937500
580     -401624.937500
581     -401763.750000
582     -401901.125000
583     -402037.343750
584     -402172.218750
585     -402306.250000
586     -402439.250000
587     -402570.781250
588     -402701.062500
589     -402830.062500
590     -402957.531250
591     -403083.562500
592     -403208.468750
593     -403332.125000
594     -403454.968750
595     -403576.781250
596     -403697.312500
597     -403816.593750
598     -403934.500000
599     -404050.937500
600     -404166.375000
601     -404280.875000
602     -404394.500000
603     -404507.187500
604     -404618.937500
605     -404729.875000
606     -404839.875000
607     -404949.093750
608     -405057.312500
609     -405164.500000
610     -405270.937500
611     -405376.062500
612     -405480.125000
613     -405583.218750
614     -405685.375000
615     -405786.500000
616     -405886.250000
617     -405984.781250
618     -406082.625000
619     -406179.625000
620     -406275.468750
621     -406370.343750
622     -406464.250000
623     -406557.562500
624     -406649.593750
625     -406740.656250
626     -406830.937500
627     -406920.250000
628     -407008.687500
629     -407096.093750
630     -407182.656250
631     -407268.312500
632     -407352.937500
633     -407436.687500
634     -407519.750000
635     -407602.312500
636     -407684.187500
637     -407765.156250
638     -407845.406250
639     -407924.968750
640     -408003.562500
641     -408081.281250
642     -408158.125000
643     -408234.343750
644     -408309.875000
645     -408384.500000
646     -408458.375000
647     -408531.500000
648     -408604.062500
649     -408676.187500
650     -408747.937500
651     -408819.156250
652     -408889.625000
653     -408959.375000
654     -409028.375000
655     -409096.781250
656     -409164.500000
657     -409231.718750
658     -409298.437500
659     -409364.468750
660     -409429.781250
661     -409494.500000
662     -409558.625000
663     -409622.125000
664     -409685.031250
665     -409747.468750
666     -409809.437500
667     -409870.687500
668     -409931.312500
669     -409991.375000
670     -410051.125000
671     -410110.437500
672     -410169.187500
673     -410227.625000
674     -410285.562500
675     -410342.625000
676     -410399.281250
677     -410455.343750
678     -410510.906250
679     -410565.906250
680     -410620.156250
681     -410673.937500
682     -410727.437500
683     -410780.531250
684     -410833.218750
685     -410885.468750
686     -410937.218750
687     -410988.187500
688     -411038.687500
689     -411088.812500
690     -411138.343750
691     -411187.375000
692     -411236.125000
693     -411284.562500
694     -411332.562500
695     -411380.125000
696     -411427.187500
697     -411473.875000
698     -411520.125000
699     -411566.000000
700     -411611.500000
701     -411656.625000
702     -411701.281250
703     -411745.312500
704     -411788.937500
705     -411832.343750
706     -411875.406250
707     -411918.281250
708     -411960.843750
709     -412003.218750
710     -412045.187500
711     -412086.750000
712     -412128.000000
713     -412168.937500
714     -412209.625000
715     -412249.968750
716     -412289.968750
717     -412329.687500
718     -412369.187500
719     -412408.437500
720     -412447.281250
721     -412485.718750
722     -412523.562500
723     -412561.125000
724     -412598.437500
725     -412635.500000
726     -412672.343750
727     -412708.937500
728     -412745.250000
729     -412781.250000
730     -412817.062500
731     -412852.656250
732     -412888.000000
733     -412923.031250
734     -412957.718750
735     -412992.187500
736     -413026.531250
737     -413060.718750
738     -413094.812500
739     -413128.562500
740     -413162.062500
741     -413195.156250
742     -413228.125000
743     -413260.937500
744     -413293.562500
745     -413326.125000
746     -413358.406250
747     -413390.500000
748     -413422.343750
749     -413453.875000
750     -413485.312500
751     -413516.562500
752     -413547.531250
753     -413578.281250
754     -413608.812500
755     -413639.125000
756     -413669.218750
757     -413699.125000
758     -413728.843750
759     -413758.406250
760     -413787.875000
761     -413817.093750
762     -413846.187500
763     -413875.156250
764     -413903.812500
765     -413932.250000
766     -413960.531250
767     -413988.625000
768     -414016.468750
769     -414043.968750
770     -414071.187500
771     -414098.312500
772     -414125.312500
773     -414152.187500
774     -414179.031250
775     -414205.750000
776     -414232.250000
777     -414258.562500
778     -414284.625000
779     -414310.593750
780     -414336.437500
781     -414362.125000
782     -414387.687500
783     -414413.187500
784     -414438.593750
785     -414463.812500
786     -414488.750000
787     -414513.625000
788     -414538.375000
789     -414563.000000
790     -414587.500000
791     -414611.812500
792     -414636.031250
793     -414660.125000
794     -414684.062500
795     -414707.781250
796     -414731.437500
797     -414754.875000
798     -414778.218750
799     -414801.312500
800     -414824.250000
801     -414846.937500
802     -414869.562500
803     -414892.062500
804     -414914.500000
805     -414936.812500
806     -414958.906250
807     -414980.937500
808     -415002.843750
809     -415024.687500
810     -415046.375000
811     -415068.000000
812     -415089.437500
813     -415110.812500
814     -415132.062500
815     -415153.250000
816     -415174.375000
817     -415195.437500
818     -415216.375000
819     -415237.218750
820     -415257.968750
821     -415278.562500
822     -415298.968750
823     -415319.312500
824     -415339.531250
825     -415359.656250
826     -415379.656250
827     -415399.562500
828     -415419.406250
829     -415439.187500
830     -415458.812500
831     -415478.375000
832     -415497.812500
833     -415517.218750
834     -415536.500000
835     -415555.687500
836     -415574.656250
837     -415593.593750
838     -415612.375000
839     -415631.125000
840     -415649.750000
841     -415668.281250
842     -415686.718750
843     -415705.125000
844     -415723.406250
845     -415741.593750
846     -415759.656250
847     -415777.593750
848     -415795.437500
849     -415813.156250
850     -415830.812500
851     -415848.343750
852     -415865.812500
853     -415883.218750
854     -415900.500000
855     -415917.593750
856     -415934.562500
857     -415951.437500
858     -415968.250000
859     -415985.000000
860     -416001.562500
861     -416017.906250
862     -416034.187500
863     -416050.375000
864     -416066.500000
865     -416082.562500
866     -416098.531250
867     -416114.437500
868     -416130.312500
869     -416146.093750
870     -416161.812500
871     -416177.500000
872     -416193.062500
873     -416208.562500
874     -416223.968750
875     -416239.312500
876     -416254.562500
877     -416269.750000
878     -416284.812500
879     -416299.750000
880     -416314.625000
881     -416329.375000
882     -416344.093750
883     -416358.625000
884     -416373.125000
885     -416387.500000
886     -416401.812500
887     -416416.000000
888     -416430.125000
889     -416444.187500
890     -416458.250000
891     -416472.187500
892     -416486.062500
893     -416499.875000
894     -416513.687500
895     -416527.375000
896     -416540.937500
897     -416554.468750
898     -416567.968750
899     -416581.312500
900     -416594.656250
901     -416607.875000
902     -416621.031250
903     -416634.125000
904     -416647.218750
905     -416660.125000
906     -416673.031250
907     -416685.875000
908     -416698.625000
909     -416711.312500
910     -416723.906250
911     -416736.312500
912     -416748.687500
913     -416761.000000
914     -416773.250000
915     -416785.437500
916     -416797.562500
917     -416809.593750
918     -416821.562500
919     -416833.500000
920     -416845.375000
921     -416857.250000
922     -416869.000000
923     -416880.687500
924     -416892.312500
925     -416903.812500
926     -416915.187500
927     -416926.625000
928     -416937.875000
929     -416949.093750
930     -416960.218750
931     -416971.281250
932     -416982.312500
933     -416993.187500
934     -417004.062500
935     -417014.812500
936     -417025.531250
937     -417036.250000
938     -417046.875000
939     -417057.562500
940     -417068.125000
941     -417078.687500
942     -417089.093750
943     -417099.500000
944     -417109.875000
945     -417120.187500
946     -417130.375000
947     -417140.562500
948     -417150.656250
949     -417160.750000
950     -417170.812500
951     -417180.718750
952     -417190.656250
953     -417200.531250
954     -417210.375000
955     -417220.156250
956     -417229.937500
957     -417239.625000
958     -417249.250000
959     -417258.875000
960     -417268.437500
961     -417278.000000
962     -417287.437500
963     -417296.906250
964     -417306.312500
965     -417315.687500
966     -417325.000000
967     -417334.250000
968     -417343.468750
969     -417352.625000
970     -417361.718750
971     -417370.812500
972     -417379.875000
973     -417388.875000
974     -417397.875000
975     -417406.812500
976     -417415.656250
977     -417424.562500
978     -417433.375000
979     -417442.156250
980     -417450.875000
981     -417459.562500
982     -417468.125000
983     -417476.687500
984     -417485.156250
985     -417493.562500
986     -417502.031250
987     -417510.375000
988     -417518.718750
989     -417527.000000
990     -417535.312500
991     -417543.562500
992     -417551.750000
993     -417559.906250
994     -417568.062500
995     -417576.156250
996     -417584.218750
997     -417592.250000
998     -417600.250000
999     -417608.187500
1000    -417616.125000
1001    -417624.000000
1002    -417631.750000
1003    -417639.562500
1004    -417647.250000
1005    -417655.000000
1006    -417662.687500
1007    -417670.281250
1008    -417677.906250
1009    -417685.500000
1010    -417693.062500
1011    -417700.625000
1012    -417708.125000
1013    -417715.625000
1014    -417723.062500
1015    -417730.468750
1016    -417737.812500
1017    -417745.187500
1018    -417752.468750
1019    -417759.718750
1020    -417766.968750
1021    -417774.187500
1022    -417781.375000
1023    -417788.562500
1024    -417795.656250
1025    -417802.812500
1026    -417809.906250
1027    -417816.968750
1028    -417823.937500
1029    -417830.875000
1030    -417837.812500
1031    -417844.687500
1032    -417851.531250
1033    -417858.375000
1034    -417865.156250
1035    -417871.937500
1036    -417878.625000
1037    -417885.281250
1038    -417891.875000
1039    -417898.500000
1040    -417905.062500
1041    -417911.625000
1042    -417918.156250
1043    -417924.562500
1044    -417930.968750
1045    -417937.343750
1046    -417943.687500
1047    -417950.000000
1048    -417956.250000
1049    -417962.500000
1050    -417968.718750
1051    -417974.937500
1052    -417981.093750
1053    -417987.250000
1054    -417993.406250
1055    -417999.500000
1056    -418005.625000
1057    -418011.687500
1058    -418017.750000
1059    -418023.750000
1060    -418029.781250
1061    -418035.781250
1062    -418041.687500
1063    -418047.625000
1064    -418053.500000
1065    -418059.312500
1066    -418065.125000
1067    -418070.937500
1068    -418076.687500
1069    -418082.437500
1070    -418088.187500
1071    -418093.875000
1072    -418099.500000
1073    -418105.156250
1074    -418110.812500
1075    -418116.375000
1076    -418121.937500
1077    -418127.500000
1078    -418133.062500
1079    -418138.562500
1080    -418144.062500
1081    -418149.562500
1082    -418155.000000
1083    -418160.375000
1084    -418165.781250
1085    -418171.187500
1086    -418176.500000
1087    -418181.812500
1088    -418187.156250
1089    -418192.468750
1090    -418197.750000
1091    -418203.031250
1092    -418208.250000
1093    -418213.437500
1094    -418218.625000
1095    -418223.750000
1096    -418228.875000
1097    -418234.000000
1098    -418239.062500
1099    -418244.125000
1100    -418249.187500
1101    -418254.250000
1102    -418259.250000
1103    -418264.250000
1104    -418269.250000
1105    -418274.250000
1106    -418279.187500
1107    -418284.125000
1108    -418289.093750
1109    -418294.000000
1110    -418298.875000
1111    -418303.781250
1112    -418308.656250
1113    -418313.500000
1114    -418318.343750
1115    -418323.125000
1116    -418327.937500
1117    -418332.687500
1118    -418337.500000
1119    -418342.187500
1120    -418346.875000
1121    -418351.562500
1122    -418356.187500
1123    -418360.875000
1124    -418365.500000
1125    -418370.125000
1126    -418374.718750
1127    -418379.343750
1128    -418383.937500
1129    -418388.500000
1130    -418393.093750
1131    -418397.656250
1132    -418402.187500
1133    -418406.718750
1134    -418411.218750
1135    -418415.718750
1136    -418420.156250
1137    -418424.625000
1138    -418429.062500
1139    -418433.500000
1140    -418437.937500
1141    -418442.281250
1142    -418446.625000
1143    -418450.937500
1144    -418455.250000
1145    -418459.531250
1146    -418463.843750
1147    -418468.125000
1148    -418472.375000
1149    -418476.562500
1150    -418480.812500
1151    -418485.000000
1152    -418489.187500
1153    -418493.406250
1154    -418497.562500
1155    -418501.718750
1156    -418505.812500
1157    -418509.937500
1158    -418514.062500
1159    -418518.125000
1160    -418522.156250
1161    -418526.187500
1162    -418530.218750
1163    -418534.250000
1164    -418538.250000
1165    -418542.218750
1166    -418546.187500
1167    -418550.156250
1168    -418554.062500
1169    -418558.000000
1170    -418561.937500
1171    -418565.812500
1172    -418569.687500
1173    -418573.531250
1174    -418577.375000
1175    -418581.250000
1176    -418585.093750
1177    -418588.937500
1178    -418592.750000
1179    -418596.562500
1180    -418600.375000
1181    -418604.156250
1182    -418607.937500
1183    -418611.687500
1184    -418615.500000
1185    -418619.250000
1186    -418622.968750
1187    -418626.687500
1188    -418630.437500
1189    -418634.187500
1190    -418637.875000
1191    -418641.562500
1192    -418645.281250
1193    -418648.968750
1194    -418652.625000
1195    -418656.312500
1196    -418659.937500
1197    -418663.500000
1198    -418667.125000
1199    -418670.656250
1200    -418674.250000
1201    -418677.812500
1202    -418681.375000
1203    -418684.906250
1204    -418688.437500
1205    -418691.937500
1206    -418695.500000
1207    -418699.000000
1208    -418702.531250
1209    -418706.031250
1210    -418709.468750
1211    -418712.937500
1212    -418716.375000
1213    -418719.812500
1214    -418723.250000
1215    -418726.687500
1216    -418730.125000
1217    -418733.531250
1218    -418736.968750
1219    -418740.312500
1220    -418743.687500
1221    -418747.062500
1222    -418750.406250
1223    -418753.750000
1224    -418757.062500
