Step            Loss
--------------------
1          94.186279
2        -709.332275
3       -1512.946655
4       -2316.680664
5       -3120.532959
6       -3924.524902
7       -4728.669922
8       -5532.970215
9       -6337.452148
10      -7142.136230
11      -7947.037109
12      -8752.189453
13      -9557.606445
14      -10363.314453
15      -11169.343750
16      -11975.720703
17      -12782.465820
18      -13589.616211
19      -14397.193359
20      -15205.224609
21      -16013.745117
22      -16822.785156
23      -17632.375000
24      -18442.546875
25      -19253.333984
26      -20064.765625
27      -20876.878906
28      -21689.707031
29      -22503.273438
30      -23317.617188
31      -24132.781250
32      -24948.791016
33      -25765.675781
34      -26583.472656
35      -27402.210938
36      -28221.929688
37      -29042.660156
38      -29864.423828
39      -30687.267578
40      -31511.208984
41      -32336.285156
42      -33162.539062
43      -33989.972656
44      -34818.636719
45      -35648.554688
46      -36479.753906
47      -37312.257812
48      -38146.097656
49      -38981.296875
50      -39817.886719
51      -40655.898438
52      -41495.335938
53      -42336.242188
54      -43178.632812
55      -44022.539062
56      -44867.976562
57      -45714.964844
58      -46563.546875
59      -47413.710938
60      -48265.507812
61      -49118.937500
62      -49974.035156
63      -50830.804688
64      -51689.269531
65      -52549.460938
66      -53411.375000
67      -54275.046875
68      -55140.480469
69      -56007.707031
70      -56876.722656
71      -57747.554688
72      -58620.210938
73      -59494.710938
74      -60371.054688
75      -61249.273438
76      -62129.363281
77      -63011.343750
78      -63895.222656
79      -64781.007812
80      -65668.703125
81      -66558.335938
82      -67449.898438
83      -68343.390625
84      -69238.828125
85      -70136.234375
86      -71035.585938
87      -71936.898438
88      -72840.187500
89      -73745.429688
90      -74652.656250
91      -75561.851562
92      -76473.031250
93      -77386.187500
94      -78301.312500
95      -79218.421875
96      -80137.492188
97      -81058.562500
98      -81981.593750
99      -82906.593750
100     -83833.562500
101     -84762.492188
102     -85693.390625
103     -86626.234375
104     -87561.031250
105     -88497.781250
106     -89436.453125
107     -90377.062500
108     -91319.585938
109     -92264.023438
110     -93210.375000
111     -94158.609375
112     -95108.742188
113     -96060.734375
114     -97014.593750
115     -97970.312500
116     -98927.875000
117     -99887.265625
118     -100848.460938
119     -101811.460938
120     -102776.257812
121     -103742.812500
122     -104711.140625
123     -105681.203125
124     -106653.000000
125     -107626.500000
126     -108601.687500
127     -109578.570312
128     -110557.101562
129     -111537.281250
130     -112519.078125
131     -113502.484375
132     -114487.468750
133     -115474.015625
134     -116462.109375
135     -117451.734375
136     -118442.859375
137     -119435.468750
138     -120429.531250
139     -121425.031250
140     -122421.890625
141     -123420.101562
142     -124419.687500
143     -125420.609375
144     -126422.867188
145     -127426.406250
146     -128431.234375
147     -129437.296875
148     -130444.585938
149     -131453.078125
150     -132462.734375
151     -133473.531250
152     -134485.468750
153     -135498.484375
154     -136512.562500
155     -137527.687500
156     -138543.796875
157     -139560.906250
158     -140578.984375
159     -141597.968750
160     -142617.843750
161     -143638.609375
162     -144660.187500
163     -145682.593750
164     -146705.796875
165     -147729.718750
166     -148754.390625
167     -149779.734375
168     -150805.687500
169     -151832.281250
170     -152859.500000
171     -153887.265625
172     -154915.578125
173     -155944.406250
174     -156973.687500
175     -158003.437500
176     -159033.546875
177     -160064.000000
178     -161094.812500
179     -162125.921875
180     -163157.312500
181     -164188.968750
182     -165220.843750
183     -166252.921875
184     -167285.171875
185     -168317.562500
186     -169350.031250
187     -170382.546875
188     -171415.062500
189     -172447.609375
190     -173480.109375
191     -174512.562500
192     -175544.921875
193     -176577.093750
194     -177609.062500
195     -178640.718750
196     -179671.984375
197     -180702.781250
198     -181733.281250
199     -182763.500000
200     -183793.359375
201     -184822.828125
202     -185851.921875
203     -186880.578125
204     -187908.750000
205     -188936.437500
206     -189963.625000
207     -190990.203125
208     -192016.187500
209     -193041.578125
210     -194066.296875
211     -195090.343750
212     -196113.703125
213     -197136.296875
214     -198158.078125
215     -199178.875000
216     -200198.843750
217     -201217.968750
218     -202236.187500
219     -203253.500000
220     -204269.718750
221     -205284.921875
222     -206299.062500
223     -207312.078125
224     -208324.000000
225     -209334.718750
226     -210344.125000
227     -211352.421875
228     -212359.515625
229     -213365.406250
230     -214370.015625
231     -215373.312500
232     -216375.328125
233     -217375.937500
234     -218375.140625
235     -219373.000000
236     -220369.421875
237     -221364.406250
238     -222357.921875
239     -223349.968750
240     -224340.531250
241     -225329.515625
242     -226316.906250
243     -227302.687500
244     -228286.875000
245     -229269.468750
246     -230250.437500
247     -231229.765625
248     -232207.343750
249     -233183.250000
250     -234157.453125
251     -235129.812500
252     -236100.437500
253     -237069.156250
254     -238035.984375
255     -239000.796875
256     -239963.578125
257     -240924.390625
258     -241883.156250
259     -242839.843750
260     -243794.437500
261     -244747.031250
262     -245697.500000
263     -246645.906250
264     -247592.343750
265     -248536.812500
266     -249479.093750
267     -250419.171875
268     -251357.156250
269     -252293.031250
270     -253226.750000
271     -254158.156250
272     -255087.203125
273     -256013.968750
274     -256938.546875
275     -257860.734375
276     -258780.687500
277     -259698.125000
278     -260613.078125
279     -261525.656250
280     -262435.781250
281     -263343.500000
282     -264248.500000
283     -265151.031250
284     -266050.906250
285     -266948.156250
286     -267842.843750
287     -268735.125000
288     -269624.843750
289     -270512.125000
290     -271396.843750
291     -272278.968750
292     -273158.531250
293     -274035.656250
294     -274910.218750
295     -275781.937500
296     -276651.000000
297     -277517.312500
298     -278380.781250
299     -279241.500000
300     -280099.687500
301     -280955.437500
302     -281808.343750
303     -282658.187500
304     -283505.312500
305     -284349.750000
306     -285191.406250
307     -286029.750000
308     -286865.375000
309     -287698.093750
310     -288528.031250
311     -289355.000000
312     -290179.062500
313     -291000.500000
314     -291818.937500
315     -292634.687500
316     -293447.406250
317     -294257.187500
318     -295064.312500
319     -295868.750000
320     -296669.812500
321     -297467.906250
322     -298262.937500
323     -299055.250000
324     -299844.750000
325     -300631.156250
326     -301414.625000
327     -302195.500000
328     -302973.562500
329     -303748.500000
330     -304520.406250
331     -305289.437500
332     -306055.687500
333     -306818.875000
334     -307579.093750
335     -308336.500000
336     -309090.937500
337     -309842.125000
338     -310590.218750
339     -311335.250000
340     -312077.437500
341     -312816.500000
342     -313552.437500
343     -314285.062500
344     -315014.843750
345     -315741.875000
346     -316465.968750
347     -317187.062500
348     -317905.375000
349     -318620.531250
350     -319332.500000
351     -320041.312500
352     -320747.062500
353     -321449.437500
354     -322148.562500
355     -322844.343750
356     -323536.875000
357     -324225.875000
358     -324911.593750
359     -325594.187500
360     -326273.625000
361     -326950.375000
362     -327623.937500
363     -328294.437500
364     -328961.406250
365     -329624.625000
366     -330285.062500
367     -330942.250000
368     -331596.000000
369     -332246.750000
370     -332894.531250
371     -333539.531250
372     -334181.156250
373     -334818.937500
374     -335453.937500
375     -336086.218750
376     -336715.031250
377     -337340.875000
378     -337963.593750
379     -338583.187500
380     -339199.781250
381     -339813.218750
382     -340423.875000
383     -341031.343750
384     -341635.562500
385     -342236.562500
386     -342834.531250
387     -343429.312500
388     -344020.843750
389     -344609.312500
390     -345194.875000
391     -345777.625000
392     -346357.593750
393     -346934.625000
394     -347508.625000
395     -348079.750000
396     -348647.875000
397     -349212.937500
398     -349775.031250
399     -350333.593750
400     -350888.531250
401     -351440.375000
402     -351989.468750
403     -352535.468750
404     -353078.375000
405     -353618.281250
406     -354155.187500
407     -354689.187500
408     -355220.250000
409     -355748.625000
410     -356274.031250
411     -356796.750000
412     -357316.875000
413     -357834.437500
414     -358349.281250
415     -358861.187500
416     -359369.843750
417     -359875.125000
418     -360377.656250
419     -360877.437500
420     -361374.343750
421     -361868.187500
422     -362358.875000
423     -362846.593750
424     -363331.218750
425     -363812.781250
426     -364291.312500
427     -364767.125000
428     -365240.000000
429     -365710.156250
430     -366177.750000
431     -366642.593750
432     -367104.750000
433     -367564.468750
434     -368021.468750
435     -368475.437500
436     -368926.562500
437     -369374.687500
438     -369820.031250
439     -370262.593750
440     -370702.062500
441     -371138.687500
442     -371572.468750
443     -372003.625000
444     -372432.125000
445     -372858.062500
446     -373281.187500
447     -373701.500000
448     -374119.531250
449     -374534.750000
450     -374947.125000
451     -375357.031250
452     -375764.312500
453     -376168.531250
454     -376569.937500
455     -376968.562500
456     -377364.750000
457     -377758.687500
458     -378150.156250
459     -378538.937500
460     -378925.125000
461     -379308.843750
462     -379689.750000
463     -380068.093750
464     -380444.093750
465     -380817.406250
466     -381188.093750
467     -381556.312500
468     -381922.000000
469     -382285.250000
470     -382645.812500
471     -383003.937500
472     -383360.062500
473     -383713.687500
474     -384064.312500
475     -384412.250000
476     -384757.218750
477     -385099.562500
478     -385439.625000
479     -385777.625000
480     -386112.937500
481     -386445.156250
482     -386775.093750
483     -387102.593750
484     -387427.531250
485     -387750.406250
486     -388071.031250
487     -388389.406250
488     -388705.937500
489     -389019.875000
490     -389331.187500
491     -389640.156250
492     -389947.062500
493     -390251.250000
494     -390553.437500
495     -390853.218750
496     -391150.781250
497     -391446.187500
498     -391739.250000
499     -392030.500000
500     -392319.343750
501     -392605.875000
502     -392889.843750
503     -393171.312500
504     -393450.750000
505     -393727.937500
506     -394002.937500
507     -394275.968750
508     -394546.718750
509     -394814.843750
510     -395080.500000
511     -395344.343750
512     -395606.250000
513     -395866.000000
514     -396123.500000
515     -396378.875000
516     -396632.187500
517     -396882.875000
518     -397131.312500
519     -397377.937500
520     -397622.906250
521     -397866.312500
522     -398108.000000
523     -398347.437500
524     -398584.906250
525     -398820.687500
526     -399054.531250
527     -399286.562500
528     -399516.500000
529     -399744.812500
530     -399971.062500
531     -400194.937500
532     -400416.875000
533     -400636.687500
534     -400854.875000
535     -401071.562500
536     -401286.562500
537     -401499.375000
538     -401710.281250
539     -401919.406250
540     -402127.125000
541     -402333.375000
542     -402538.093750
543     -402740.937500
544     -402941.937500
545     -403140.531250
546     -403337.593750
547     -403533.000000
548     -403726.968750
549     -403919.375000
550     -404110.437500
551     -404299.625000
552     -404486.937500
553     -404672.531250
554     -404856.562500
555     -405038.968750
556     -405220.125000
557     -405399.562500
558     -405577.500000
559     -405753.812500
560     -405928.375000
561     -406100.750000
562     -406270.843750
563     -406439.187500
564     -406606.000000
565     -406771.750000
566     -406936.312500
567     -407099.656250
568     -407262.000000
569     -407423.250000
570     -407582.875000
571     -407741.250000
572     -407898.312500
573     -408053.625000
574     -408207.187500
575     -408358.968750
576     -408509.375000
577     -408658.968750
578     -408807.125000
579     -408954.312500
580     -409100.500000
581     -409245.312500
582     -409388.625000
583     -409530.437500
584     -409670.812500
585     -409810.125000
586     -409948.062500
587     -410084.375000
588     -410219.312500
589     -410352.781250
590     -410485.187500
591     -410616.593750
592     -410746.500000
593     -410874.843750
594     -411001.687500
595     -411127.156250
596     -411251.375000
597     -411374.468750
598     -411496.375000
599     -411617.031250
600     -411736.437500
601     -411854.562500
602     -411971.500000
603     -412087.187500
604     -412201.906250
605     -412315.750000
606     -412428.312500
607     -412539.687500
608     -412649.875000
609     -412759.406250
610     -412868.031250
611     -412976.062500
612     -413082.562500
613     -413188.093750
614     -413292.812500
615     -413396.625000
616     -413499.375000
617     -413600.937500
618     -413701.687500
619     -413801.812500
620     -413901.000000
621     -413998.937500
622     -414095.687500
623     -414191.750000
624     -414286.875000
625     -414381.000000
626     -414474.187500
627     -414566.687500
628     -414658.406250
629     -414749.062500
630     -414838.875000
631     -414927.593750
632     -415015.500000
633     -415102.812500
634     -415189.468750
635     -415275.281250
636     -415360.468750
637     -415445.125000
638     -415529.000000
639     -415612.187500
640     -415694.718750
641     -415776.437500
642     -415857.656250
643     -415938.250000
644     -416018.187500
645     -416097.500000
646     -416176.062500
647     -416254.000000
648     -416331.250000
649     -416407.937500
650     -416483.875000
651     -416559.093750
652     -416633.750000
653     -416707.875000
654     -416781.562500
655     -416854.375000
656     -416926.593750
657     -416998.437500
658     -417069.531250
659     -417140.062500
660     -417210.000000
661     -417279.531250
662     -417348.500000
663     -417416.625000
664     -417484.187500
665     -417551.187500
666     -417617.750000
667     -417683.562500
668     -417748.562500
669     -417812.812500
670     -417876.718750
671     -417940.125000
672     -418003.031250
673     -418065.281250
674     -418126.843750
675     -418187.812500
676     -418248.312500
677     -418308.343750
678     -418367.843750
679     -418426.875000
680     -418485.531250
681     -418543.937500
682     -418601.906250
683     -418659.437500
684     -418716.218750
685     -418772.500000
686     -418828.468750
687     -418883.937500
688     -418938.937500
689     -418993.562500
690     -419047.781250
691     -419101.500000
692     -419154.625000
693     -419207.062500
694     -419258.906250
695     -419310.062500
696     -419360.750000
697     -419411.000000
698     -419460.937500
699     -419510.406250
700     -419559.468750
701     -419608.281250
702     -419656.593750
703     -419704.312500
704     -419751.468750
705     -419798.218750
706     -419844.656250
707     -419890.781250
708     -419936.437500
709     -419981.843750
710     -420026.875000
711     -420071.562500
712     -420115.687500
713     -420159.343750
714     -420202.656250
715     -420245.562500
716     -420288.062500
717     -420330.187500
718     -420371.875000
719     -420413.281250
720     -420454.375000
721     -420495.187500
722     -420535.781250
723     -420576.062500
724     -420616.062500
725     -420655.812500
726     -420695.312500
727     -420734.500000
728     -420773.375000
729     -420812.031250
730     -420850.250000
731     -420888.250000
732     -420925.968750
733     -420963.500000
734     -421000.812500
735     -421037.812500
736     -421074.625000
737     -421111.187500
738     -421147.437500
739     -421183.468750
740     -421219.250000
741     -421254.843750
742     -421290.250000
743     -421325.375000
744     -421360.250000
745     -421394.937500
746     -421429.312500
747     -421463.437500
748     -421497.375000
749     -421531.062500
750     -421564.593750
751     -421597.812500
752     -421630.812500
753     -421663.656250
754     -421696.375000
755     -421728.781250
756     -421761.062500
757     -421793.125000
758     -421825.031250
759     -421856.687500
760     -421888.250000
761     -421919.593750
762     -421950.562500
763     -421981.343750
764     -422011.968750
765     -422042.531250
766     -422072.937500
767     -422103.250000
768     -422133.437500
769     -422163.437500
770     -422193.312500
771     -422222.937500
772     -422252.406250
773     -422281.625000
774     -422310.562500
775     -422339.437500
776     -422368.093750
777     -422396.625000
778     -422425.000000
779     -422453.187500
780     -422481.187500
781     -422509.093750
782     -422536.875000
783     -422564.343750
784     -422591.687500
785     -422618.937500
786     -422646.000000
787     -422672.750000
788     -422699.406250
789     -422725.812500
790     -422752.062500
791     -422778.125000
792     -422804.093750
793     -422829.875000
794     -422855.562500
795     -422881.031250
796     -422906.406250
797     -422931.656250
798     -422956.750000
