Step            Loss
--------------------
1        -415.760010
2        -471.153870
3        -526.558228
4        -581.974548
5        -637.401855
6        -692.842346
7        -748.296814
8        -803.766602
9        -859.253235
10       -914.759216
11       -970.285950
12      -1025.835327
13      -1081.409790
14      -1137.010254
15      -1192.639648
16      -1248.299072
17      -1303.990723
18      -1359.716797
19      -1415.478760
20      -1471.278687
21      -1527.118896
22      -1583.001221
23      -1638.927856
24      -1694.900391
25      -1750.921265
26      -1806.992065
27      -1863.114746
28      -1919.291504
29      -1975.523804
30      -2031.813843
31      -2088.163330
32      -2144.574219
33      -2201.048828
34      -2257.587891
35      -2314.194580
36      -2370.870117
37      -2427.616211
38      -2484.435303
39      -2541.328613
40      -2598.298340
41      -2655.346191
42      -2712.474121
43      -2769.683350
44      -2826.976074
45      -2884.354248
46      -2941.819092
47      -2999.372314
48      -3057.016113
49      -3114.751953
50      -3172.580566
51      -3230.504395
52      -3288.525146
53      -3346.643311
54      -3404.861816
55      -3463.180176
56      -3521.601074
57      -3580.125977
58      -3638.755859
59      -3697.492188
60      -3756.335693
61      -3815.288086
62      -3874.350098
63      -3933.523193
64      -3992.808105
65      -4052.206299
66      -4111.718750
67      -4171.346680
68      -4231.089355
69      -4290.949707
70      -4350.927734
71      -4411.024414
72      -4471.239258
73      -4531.575195
74      -4592.031250
75      -4652.608887
76      -4713.308594
77      -4774.130859
78      -4835.076172
79      -4896.145020
80      -4957.337891
81      -5018.654785
82      -5080.097168
83      -5141.665039
84      -5203.357910
85      -5265.176758
86      -5327.122070
87      -5389.193848
88      -5451.391602
89      -5513.716797
90      -5576.168945
91      -5638.747070
92      -5701.453125
93      -5764.286133
94      -5827.245605
95      -5890.332031
96      -5953.545410
97      -6016.885742
98      -6080.352539
99      -6143.945312
100     -6207.664551
101     -6271.509277
102     -6335.479492
103     -6399.575195
104     -6463.795410
105     -6528.140625
106     -6592.609375
107     -6657.202148
108     -6721.917480
109     -6786.754883
110     -6851.714844
111     -6916.795898
112     -6981.997070
113     -7047.318848
114     -7112.759766
115     -7178.319336
116     -7243.995605
117     -7309.790039
118     -7375.699707
119     -7441.725586
120     -7507.865234
121     -7574.118652
122     -7640.483887
123     -7706.960938
124     -7773.547852
125     -7840.245605
126     -7907.051270
127     -7973.963867
128     -8040.983398
129     -8108.106445
130     -8175.334961
131     -8242.665039
132     -8310.096680
133     -8377.628906
134     -8445.259766
135     -8512.988281
136     -8580.812500
137     -8648.732422
138     -8716.746094
139     -8784.850586
140     -8853.046875
141     -8921.333008
142     -8989.705078
143     -9058.165039
144     -9126.708984
145     -9195.337891
146     -9264.046875
147     -9332.835938
148     -9401.705078
149     -9470.650391
150     -9539.670898
151     -9608.766602
152     -9677.933594
153     -9747.169922
154     -9816.476562
155     -9885.849609
156     -9955.289062
157     -10024.791992
158     -10094.355469
159     -10163.980469
160     -10233.664062
161     -10303.404297
162     -10373.199219
163     -10443.046875
164     -10512.945312
165     -10582.894531
166     -10652.890625
167     -10722.932617
168     -10793.019531
169     -10863.146484
170     -10933.315430
171     -11003.521484
172     -11073.763672
173     -11144.041992
174     -11214.351562
175     -11284.691406
176     -11355.060547
177     -11425.457031
178     -11495.878906
179     -11566.322266
180     -11636.788086
181     -11707.272461
182     -11777.773438
183     -11848.290039
184     -11918.820312
185     -11989.360352
186     -12059.910156
187     -12130.468750
188     -12201.031250
189     -12271.597656
190     -12342.166016
191     -12412.732422
192     -12483.296875
193     -12553.857422
194     -12624.411133
195     -12694.957031
196     -12765.492188
197     -12836.014648
198     -12906.521484
199     -12977.014648
200     -13047.488281
201     -13117.934570
202     -13188.355469
203     -13258.751953
204     -13329.121094
205     -13399.463867
206     -13469.775391
207     -13540.042969
208     -13610.232422
209     -13680.387695
210     -13750.503906
211     -13820.581055
212     -13890.618164
213     -13960.611328
214     -14030.558594
215     -14100.458984
216     -14170.311523
217     -14240.112305
218     -14309.861328
219     -14379.554688
220     -14449.162109
221     -14518.709961
222     -14588.199219
223     -14657.626953
224     -14726.991211
225     -14796.287109
226     -14865.519531
227     -14934.683594
228     -15003.775391
229     -15072.789062
230     -15141.727539
231     -15210.589844
232     -15279.374023
233     -15348.081055
234     -15416.705078
235     -15485.248047
236     -15553.705078
237     -15622.080078
238     -15690.366211
239     -15758.562500
240     -15826.668945
241     -15894.683594
242     -15962.603516
243     -16030.430664
244     -16098.160156
245     -16165.790039
246     -16233.322266
247     -16300.751953
248     -16368.081055
249     -16435.304688
250     -16502.421875
251     -16569.433594
252     -16636.337891
253     -16703.128906
254     -16769.812500
255     -16836.382812
256     -16902.839844
257     -16969.164062
258     -17035.373047
259     -17101.460938
260     -17167.404297
261     -17233.203125
262     -17298.841797
263     -17364.351562
264     -17429.734375
265     -17494.984375
266     -17560.085938
267     -17625.062500
268     -17689.888672
269     -17754.576172
270     -17819.121094
271     -17883.503906
272     -17947.712891
273     -18011.777344
274     -18075.705078
275     -18139.492188
276     -18203.099609
277     -18266.566406
278     -18329.878906
279     -18393.041016
280     -18456.064453
281     -18518.939453
282     -18581.644531
283     -18644.205078
284     -18706.621094
285     -18768.890625
286     -18831.015625
287     -18892.990234
288     -18954.808594
289     -19016.421875
290     -19077.876953
291     -19139.181641
292     -19200.335938
293     -19261.339844
294     -19322.107422
295     -19382.683594
296     -19443.101562
297     -19503.351562
298     -19563.441406
299     -19623.351562
300     -19683.097656
301     -19742.687500
302     -19802.119141
303     -19861.390625
304     -19920.503906
305     -19979.457031
306     -20038.251953
307     -20096.882812
308     -20155.343750
309     -20213.621094
310     -20271.728516
311     -20329.611328
312     -20387.263672
313     -20444.742188
314     -20502.054688
315     -20559.160156
316     -20616.101562
317     -20672.876953
318     -20729.488281
319     -20785.917969
320     -20842.164062
321     -20898.242188
322     -20954.148438
323     -21009.830078
324     -21065.289062
325     -21120.570312
326     -21175.652344
327     -21230.546875
328     -21285.248047
329     -21339.742188
330     -21394.066406
331     -21448.214844
332     -21502.156250
333     -21555.894531
334     -21609.445312
335     -21662.816406
336     -21715.968750
337     -21768.886719
338     -21821.484375
339     -21873.855469
340     -21926.029297
341     -21977.974609
342     -22029.746094
343     -22081.347656
344     -22132.781250
345     -22184.031250
346     -22234.992188
347     -22285.667969
348     -22336.123047
349     -22386.378906
350     -22436.417969
351     -22486.210938
352     -22535.773438
353     -22585.152344
354     -22634.363281
355     -22683.275391
356     -22731.804688
357     -22780.078125
358     -22828.105469
359     -22875.904297
360     -22923.511719
361     -22970.933594
362     -23018.187500
363     -23065.261719
364     -23112.082031
365     -23158.675781
366     -23205.089844
367     -23251.316406
368     -23297.339844
369     -23343.195312
370     -23388.863281
371     -23434.261719
372     -23479.474609
373     -23524.484375
374     -23569.306641
375     -23613.968750
376     -23658.458984
377     -23702.773438
378     -23746.904297
379     -23790.753906
380     -23834.246094
381     -23877.500000
382     -23920.488281
383     -23963.212891
384     -24005.718750
385     -24047.960938
386     -24090.031250
387     -24131.949219
388     -24173.689453
389     -24215.251953
390     -24256.656250
391     -24297.884766
392     -24338.812500
393     -24379.453125
394     -24419.921875
395     -24460.218750
396     -24500.332031
397     -24540.234375
398     -24579.968750
399     -24619.550781
400     -24658.929688
401     -24698.128906
402     -24737.152344
403     -24775.984375
404     -24814.660156
405     -24853.095703
406     -24891.326172
407     -24929.386719
408     -24967.253906
409     -25004.929688
410     -25042.398438
411     -25079.636719
412     -25116.675781
413     -25153.466797
414     -25189.980469
415     -25226.289062
416     -25262.398438
417     -25298.207031
418     -25333.744141
419     -25369.082031
420     -25404.250000
421     -25439.212891
422     -25473.875000
423     -25508.310547
424     -25542.599609
425     -25576.728516
426     -25610.675781
427     -25644.484375
428     -25678.080078
429     -25711.367188
430     -25744.326172
431     -25777.125000
432     -25809.679688
433     -25842.041016
434     -25874.203125
435     -25906.167969
436     -25937.941406
437     -25969.480469
438     -26000.851562
439     -26032.072266
440     -26063.136719
441     -26094.031250
442     -26124.750000
443     -26155.332031
444     -26185.718750
445     -26215.894531
446     -26245.855469
447     -26275.576172
448     -26305.175781
449     -26334.607422
450     -26363.830078
451     -26392.783203
452     -26421.369141
453     -26449.734375
454     -26477.875000
455     -26505.783203
456     -26533.478516
457     -26561.039062
458     -26588.457031
459     -26615.708984
460     -26642.812500
461     -26669.730469
462     -26696.486328
463     -26723.027344
464     -26749.378906
465     -26775.568359
466     -26801.531250
467     -26827.326172
468     -26852.962891
469     -26878.390625
470     -26903.687500
471     -26928.833984
472     -26953.820312
473     -26978.671875
474     -27003.390625
475     -27027.988281
476     -27052.453125
477     -27076.759766
478     -27100.949219
479     -27124.929688
480     -27148.718750
481     -27172.337891
482     -27195.699219
483     -27218.876953
484     -27241.917969
485     -27264.736328
486     -27287.416016
487     -27309.925781
488     -27332.308594
489     -27354.558594
490     -27376.564453
491     -27398.386719
492     -27420.042969
493     -27441.521484
494     -27462.892578
495     -27484.093750
496     -27505.175781
497     -27526.019531
498     -27546.699219
499     -27567.251953
500     -27587.673828
501     -27607.986328
502     -27628.199219
503     -27648.242188
504     -27668.089844
505     -27687.839844
506     -27707.503906
507     -27727.058594
508     -27746.347656
509     -27765.398438
510     -27784.285156
511     -27802.976562
512     -27821.556641
513     -27840.019531
514     -27858.330078
515     -27876.500000
516     -27894.542969
517     -27912.449219
518     -27930.193359
519     -27947.683594
520     -27965.058594
521     -27982.300781
522     -27999.457031
523     -28016.457031
524     -28033.250000
525     -28049.927734
526     -28066.492188
527     -28082.902344
528     -28099.164062
529     -28115.300781
530     -28131.343750
531     -28147.287109
532     -28163.101562
533     -28178.732422
534     -28194.164062
535     -28209.394531
536     -28224.410156
537     -28239.318359
538     -28254.128906
539     -28268.789062
540     -28283.335938
541     -28297.808594
542     -28312.158203
543     -28326.417969
544     -28340.312500
545     -28354.082031
546     -28367.794922
547     -28381.429688
548     -28394.960938
549     -28408.285156
550     -28421.541016
551     -28434.712891
552     -28447.789062
553     -28460.783203
554     -28473.662109
555     -28486.472656
556     -28499.158203
557     -28511.757812
558     -28524.250000
559     -28536.675781
560     -28549.050781
561     -28561.316406
562     -28573.378906
563     -28585.349609
564     -28597.267578
565     -28609.070312
566     -28620.785156
567     -28632.333984
568     -28643.722656
569     -28655.007812
570     -28666.230469
571     -28677.375000
572     -28688.457031
573     -28699.488281
574     -28710.458984
575     -28721.318359
576     -28732.132812
577     -28742.869141
578     -28753.523438
579     -28764.093750
580     -28774.574219
581     -28784.884766
582     -28795.082031
583     -28805.164062
584     -28815.115234
585     -28824.886719
586     -28834.570312
587     -28844.187500
588     -28853.714844
589     -28863.183594
590     -28872.613281
591     -28881.986328
592     -28891.292969
593     -28900.492188
594     -28909.636719
595     -28918.683594
596     -28927.671875
597     -28936.529297
598     -28945.339844
599     -28954.054688
600     -28962.683594
601     -28971.253906
602     -28979.714844
603     -28988.085938
604     -28996.412109
605     -29004.648438
606     -29012.744141
607     -29020.761719
608     -29028.695312
609     -29036.548828
610     -29044.332031
611     -29052.058594
612     -29059.699219
613     -29067.261719
614     -29074.796875
615     -29082.253906
616     -29089.642578
617     -29097.000000
618     -29104.281250
619     -29111.519531
620     -29118.728516
621     -29125.820312
622     -29132.847656
623     -29139.832031
624     -29146.714844
625     -29153.500000
626     -29160.240234
627     -29166.949219
628     -29173.605469
629     -29180.214844
630     -29186.738281
631     -29193.125000
632     -29199.453125
633     -29205.722656
634     -29211.972656
635     -29218.189453
636     -29224.373047
637     -29230.531250
638     -29236.644531
639     -29242.710938
640     -29248.703125
641     -29254.623047
642     -29260.460938
643     -29266.228516
644     -29271.945312
645     -29277.640625
646     -29283.156250
647     -29288.597656
648     -29294.000000
649     -29299.351562
650     -29304.617188
651     -29309.855469
652     -29315.027344
653     -29320.160156
654     -29325.261719
655     -29330.320312
656     -29335.363281
657     -29340.382812
658     -29345.341797
659     -29350.255859
660     -29355.078125
661     -29359.867188
662     -29364.566406
663     -29369.218750
664     -29373.843750
665     -29378.396484
666     -29382.878906
667     -29387.335938
668     -29391.777344
669     -29396.195312
670     -29400.585938
671     -29404.935547
672     -29409.263672
673     -29413.582031
674     -29417.890625
675     -29422.152344
676     -29426.382812
677     -29430.560547
678     -29434.640625
679     -29438.669922
680     -29442.677734
681     -29446.652344
682     -29450.593750
683     -29454.453125
684     -29458.283203
685     -29462.091797
686     -29465.861328
687     -29469.585938
688     -29473.273438
689     -29476.921875
690     -29480.552734
691     -29484.169922
692     -29487.769531
693     -29491.347656
694     -29494.917969
695     -29498.478516
696     -29502.003906
697     -29505.492188
698     -29508.968750
699     -29512.417969
700     -29515.857422
701     -29519.269531
702     -29522.638672
703     -29525.966797
704     -29529.287109
705     -29532.597656
706     -29535.828125
707     -29539.039062
708     -29542.234375
709     -29545.416016
710     -29548.591797
711     -29551.740234
712     -29554.871094
713     -29557.994141
714     -29561.101562
715     -29564.187500
716     -29567.242188
717     -29570.279297
718     -29573.279297
719     -29576.255859
720     -29579.214844
721     -29582.160156
722     -29585.097656
723     -29588.017578
724     -29590.921875
725     -29593.820312
726     -29596.707031
727     -29599.580078
728     -29602.439453
729     -29605.269531
730     -29608.052734
731     -29610.816406
732     -29613.570312
733     -29616.289062
734     -29618.980469
735     -29621.644531
736     -29624.302734
737     -29626.947266
738     -29629.589844
739     -29632.212891
740     -29634.824219
741     -29637.421875
742     -29640.005859
743     -29642.582031
744     -29645.140625
745     -29647.671875
746     -29650.171875
747     -29652.634766
748     -29655.082031
749     -29657.523438
750     -29659.957031
751     -29662.375000
752     -29664.792969
753     -29667.195312
754     -29669.583984
755     -29671.960938
756     -29674.320312
757     -29676.658203
758     -29678.980469
759     -29681.287109
760     -29683.589844
761     -29685.888672
762     -29688.175781
763     -29690.455078
764     -29692.714844
765     -29694.962891
766     -29697.203125
767     -29699.439453
768     -29701.667969
769     -29703.886719
770     -29706.103516
771     -29708.314453
772     -29710.521484
773     -29712.714844
774     -29714.875000
775     -29717.023438
776     -29719.164062
777     -29721.292969
778     -29723.380859
779     -29725.441406
780     -29727.486328
781     -29729.511719
782     -29731.527344
783     -29733.531250
784     -29735.507812
785     -29737.455078
786     -29739.384766
787     -29741.306641
788     -29743.187500
789     -29745.064453
790     -29746.933594
791     -29748.791016
792     -29750.632812
793     -29752.460938
794     -29754.285156
795     -29756.105469
796     -29757.908203
797     -29759.650391
798     -29761.365234
799     -29763.082031
800     -29764.763672
801     -29766.433594
802     -29768.097656
803     -29769.746094
804     -29771.390625
805     -29773.021484
806     -29774.636719
807     -29776.250000
808     -29777.839844
809     -29779.410156
810     -29780.968750
811     -29782.511719
812     -29784.042969
813     -29785.572266
814     -29787.097656
815     -29788.621094
816     -29790.136719
817     -29791.656250
818     -29793.167969
819     -29794.658203
820     -29796.140625
821     -29797.617188
822     -29799.091797
823     -29800.548828
824     -29801.994141
825     -29803.439453
826     -29804.878906
827     -29806.318359
828     -29807.748047
829     -29809.175781
830     -29810.587891
831     -29811.996094
832     -29813.392578
833     -29814.761719
834     -29816.105469
835     -29817.425781
836     -29818.716797
837     -29820.001953
838     -29821.257812
839     -29822.501953
840     -29823.742188
841     -29824.970703
842     -29826.166016
843     -29827.345703
844     -29828.521484
845     -29829.695312
846     -29830.871094
847     -29832.039062
848     -29833.207031
849     -29834.375000
850     -29835.539062
851     -29836.701172
852     -29837.861328
853     -29839.019531
854     -29840.177734
855     -29841.326172
856     -29842.451172
857     -29843.576172
858     -29844.697266
859     -29845.806641
860     -29846.914062
861     -29848.011719
862     -29849.105469
863     -29850.195312
864     -29851.281250
865     -29852.361328
866     -29853.435547
867     -29854.503906
868     -29855.570312
869     -29856.638672
870     -29857.701172
871     -29858.765625
872     -29859.816406
873     -29860.830078
874     -29861.839844
875     -29862.847656
876     -29863.843750
877     -29864.837891
878     -29865.828125
879     -29866.818359
880     -29867.808594
881     -29868.789062
882     -29869.769531
883     -29870.736328
884     -29871.685547
885     -29872.630859
886     -29873.574219
887     -29874.511719
888     -29875.449219
889     -29876.386719
890     -29877.314453
891     -29878.244141
892     -29879.166016
893     -29880.078125
894     -29880.980469
895     -29881.884766
896     -29882.785156
897     -29883.685547
898     -29884.585938
899     -29885.480469
900     -29886.375000
901     -29887.267578
902     -29888.158203
903     -29889.042969
904     -29889.927734
905     -29890.804688
906     -29891.677734
907     -29892.554688
908     -29893.429688
909     -29894.304688
910     -29895.175781
911     -29896.048828
912     -29896.921875
913     -29897.791016
914     -29898.664062
915     -29899.529297
916     -29900.394531
917     -29901.255859
918     -29902.117188
919     -29902.976562
920     -29903.832031
921     -29904.687500
922     -29905.539062
923     -29906.388672
924     -29907.232422
925     -29908.078125
926     -29908.921875
927     -29909.767578
928     -29910.613281
929     -29911.455078
930     -29912.298828
931     -29913.144531
932     -29913.984375
933     -29914.828125
934     -29915.671875
935     -29916.511719
936     -29917.355469
937     -29918.195312
938     -29919.029297
939     -29919.867188
940     -29920.701172
941     -29921.529297
942     -29922.355469
943     -29923.185547
944     -29924.011719
945     -29924.841797
946     -29925.669922
947     -29926.494141
948     -29927.324219
949     -29928.146484
950     -29928.964844
951     -29929.783203
952     -29930.599609
953     -29931.410156
954     -29932.222656
955     -29933.035156
956     -29933.847656
957     -29934.652344
958     -29935.458984
959     -29936.267578
960     -29937.074219
961     -29937.875000
962     -29938.675781
963     -29939.474609
964     -29940.273438
965     -29941.070312
966     -29941.869141
967     -29942.666016
968     -29943.462891
969     -29944.259766
970     -29945.058594
971     -29945.855469
972     -29946.652344
973     -29947.445312
974     -29948.226562
975     -29949.009766
976     -29949.792969
977     -29950.574219
978     -29951.357422
979     -29952.130859
980     -29952.902344
981     -29953.673828
982     -29954.437500
983     -29955.197266
984     -29955.957031
985     -29956.714844
986     -29957.474609
987     -29958.226562
988     -29958.978516
989     -29959.732422
990     -29960.482422
991     -29961.238281
992     -29961.984375
993     -29962.738281
994     -29963.486328
995     -29964.238281
996     -29964.988281
997     -29965.734375
998     -29966.478516
999     -29967.222656
1000    -29967.968750
1001    -29968.703125
1002    -29969.435547
1003    -29970.167969
1004    -29970.898438
1005    -29971.625000
1006    -29972.355469
1007    -29973.083984
1008    -29973.810547
1009    -29974.539062
1010    -29975.265625
1011    -29975.988281
1012    -29976.714844
1013    -29977.435547
1014    -29978.160156
1015    -29978.882812
1016    -29979.607422
1017    -29980.332031
1018    -29981.042969
1019    -29981.753906
1020    -29982.466797
1021    -29983.179688
1022    -29983.890625
1023    -29984.601562
1024    -29985.312500
1025    -29986.019531
1026    -29986.734375
1027    -29987.441406
1028    -29988.152344
1029    -29988.859375
1030    -29989.568359
1031    -29990.277344
1032    -29990.984375
1033    -29991.691406
1034    -29992.398438
1035    -29993.101562
1036    -29993.798828
1037    -29994.496094
1038    -29995.191406
1039    -29995.886719
1040    -29996.576172
1041    -29997.265625
1042    -29997.955078
1043    -29998.644531
1044    -29999.333984
1045    -30000.021484
1046    -30000.703125
1047    -30001.382812
1048    -30002.058594
1049    -30002.736328
1050    -30003.410156
1051    -30004.082031
1052    -30004.753906
1053    -30005.421875
1054    -30006.091797
1055    -30006.757812
1056    -30007.421875
1057    -30008.083984
1058    -30008.746094
1059    -30009.406250
1060    -30010.068359
1061    -30010.726562
1062    -30011.384766
1063    -30012.042969
1064    -30012.699219
1065    -30013.359375
1066    -30014.011719
1067    -30014.667969
1068    -30015.322266
1069    -30015.974609
1070    -30016.621094
1071    -30017.265625
1072    -30017.910156
1073    -30018.552734
1074    -30019.195312
1075    -30019.835938
1076    -30020.478516
1077    -30021.115234
1078    -30021.750000
1079    -30022.382812
1080    -30023.011719
1081    -30023.646484
1082    -30024.277344
1083    -30024.904297
1084    -30025.529297
1085    -30026.152344
1086    -30026.771484
1087    -30027.390625
1088    -30028.000000
1089    -30028.609375
1090    -30029.214844
1091    -30029.818359
1092    -30030.417969
1093    -30031.021484
1094    -30031.621094
1095    -30032.218750
1096    -30032.808594
1097    -30033.398438
1098    -30033.988281
1099    -30034.576172
1100    -30035.162109
1101    -30035.750000
1102    -30036.332031
1103    -30036.914062
1104    -30037.498047
1105    -30038.076172
1106    -30038.656250
1107    -30039.232422
1108    -30039.800781
1109    -30040.371094
1110    -30040.935547
1111    -30041.500000
1112    -30042.066406
1113    -30042.628906
1114    -30043.187500
1115    -30043.748047
1116    -30044.308594
1117    -30044.865234
1118    -30045.417969
1119    -30045.970703
1120    -30046.521484
1121    -30047.070312
1122    -30047.619141
1123    -30048.167969
1124    -30048.712891
1125    -30049.257812
1126    -30049.800781
1127    -30050.343750
1128    -30050.886719
1129    -30051.419922
1130    -30051.951172
1131    -30052.480469
1132    -30053.009766
1133    -30053.539062
1134    -30054.064453
1135    -30054.589844
1136    -30055.113281
1137    -30055.636719
1138    -30056.156250
1139    -30056.679688
1140    -30057.199219
1141    -30057.714844
1142    -30058.228516
1143    -30058.740234
1144    -30059.253906
1145    -30059.763672
1146    -30060.275391
1147    -30060.779297
1148    -30061.269531
1149    -30061.757812
1150    -30062.244141
1151    -30062.732422
1152    -30063.216797
1153    -30063.699219
1154    -30064.185547
1155    -30064.666016
1156    -30065.148438
1157    -30065.626953
1158    -30066.105469
1159    -30066.582031
1160    -30067.058594
1161    -30067.535156
1162    -30068.007812
1163    -30068.480469
1164    -30068.953125
1165    -30069.423828
1166    -30069.894531
1167    -30070.359375
1168    -30070.826172
1169    -30071.287109
1170    -30071.753906
1171    -30072.212891
1172    -30072.675781
1173    -30073.134766
1174    -30073.595703
1175    -30074.050781
1176    -30074.503906
1177    -30074.953125
1178    -30075.402344
1179    -30075.853516
1180    -30076.300781
1181    -30076.748047
1182    -30077.193359
1183    -30077.636719
1184    -30078.080078
1185    -30078.519531
1186    -30078.957031
1187    -30079.394531
1188    -30079.830078
1189    -30080.265625
1190    -30080.699219
1191    -30081.132812
1192    -30081.564453
1193    -30081.996094
1194    -30082.425781
1195    -30082.855469
1196    -30083.281250
1197    -30083.697266
1198    -30084.111328
1199    -30084.527344
1200    -30084.939453
1201    -30085.351562
1202    -30085.763672
1203    -30086.173828
1204    -30086.583984
1205    -30086.994141
1206    -30087.402344
1207    -30087.810547
1208    -30088.216797
1209    -30088.623047
1210    -30089.031250
1211    -30089.431641
1212    -30089.832031
1213    -30090.230469
1214    -30090.623047
1215    -30091.019531
1216    -30091.412109
1217    -30091.808594
1218    -30092.201172
1219    -30092.593750
1220    -30092.984375
1221    -30093.378906
1222    -30093.767578
1223    -30094.158203
1224    -30094.548828
1225    -30094.937500
1226    -30095.326172
1227    -30095.714844
1228    -30096.099609
1229    -30096.488281
1230    -30096.875000
1231    -30097.257812
1232    -30097.644531
1233    -30098.027344
1234    -30098.410156
1235    -30098.791016
1236    -30099.171875
1237    -30099.542969
1238    -30099.914062
1239    -30100.283203
1240    -30100.652344
1241    -30101.023438
1242    -30101.382812
1243    -30101.738281
1244    -30102.095703
1245    -30102.453125
1246    -30102.808594
1247    -30103.164062
1248    -30103.521484
1249    -30103.875000
1250    -30104.230469
1251    -30104.583984
1252    -30104.939453
1253    -30105.292969
1254    -30105.648438
1255    -30106.000000
1256    -30106.351562
1257    -30106.705078
1258    -30107.058594
1259    -30107.410156
1260    -30107.761719
1261    -30108.105469
1262    -30108.441406
1263    -30108.777344
1264    -30109.113281
1265    -30109.449219
1266    -30109.783203
1267    -30110.119141
1268    -30110.453125
1269    -30110.787109
1270    -30111.121094
1271    -30111.451172
1272    -30111.781250
1273    -30112.109375
1274    -30112.435547
1275    -30112.755859
1276    -30113.080078
1277    -30113.404297
1278    -30113.724609
1279    -30114.046875
1280    -30114.371094
1281    -30114.691406
1282    -30115.011719
1283    -30115.333984
1284    -30115.656250
1285    -30115.976562
1286    -30116.296875
1287    -30116.617188
1288    -30116.941406
1289    -30117.261719
1290    -30117.582031
1291    -30117.900391
1292    -30118.222656
1293    -30118.542969
1294    -30118.863281
1295    -30119.181641
1296    -30119.501953
1297    -30119.824219
1298    -30120.140625
1299    -30120.460938
1300    -30120.781250
1301    -30121.097656
1302    -30121.416016
1303    -30121.728516
1304    -30122.042969
1305    -30122.359375
1306    -30122.671875
1307    -30122.988281
1308    -30123.300781
1309    -30123.617188
1310    -30123.931641
1311    -30124.246094
1312    -30124.558594
1313    -30124.873047
1314    -30125.185547
1315    -30125.500000
1316    -30125.812500
1317    -30126.128906
1318    -30126.441406
1319    -30126.753906
1320    -30127.064453
1321    -30127.378906
1322    -30127.691406
1323    -30127.994141
1324    -30128.298828
1325    -30128.601562
1326    -30128.906250
1327    -30129.207031
1328    -30129.509766
1329    -30129.812500
1330    -30130.115234
1331    -30130.417969
1332    -30130.718750
1333    -30131.019531
1334    -30131.324219
1335    -30131.625000
1336    -30131.925781
1337    -30132.226562
1338    -30132.529297
1339    -30132.830078
1340    -30133.128906
1341    -30133.431641
1342    -30133.728516
1343    -30134.027344
1344    -30134.328125
1345    -30134.625000
1346    -30134.921875
1347    -30135.222656
1348    -30135.519531
1349    -30135.818359
1350    -30136.115234
1351    -30136.414062
1352    -30136.712891
1353    -30137.011719
1354    -30137.308594
1355    -30137.603516
1356    -30137.900391
1357    -30138.197266
1358    -30138.494141
1359    -30138.791016
1360    -30139.085938
1361    -30139.380859
1362    -30139.675781
1363    -30139.972656
1364    -30140.269531
1365    -30140.562500
1366    -30140.859375
1367    -30141.152344
1368    -30141.447266
1369    -30141.742188
1370    -30142.035156
1371    -30142.330078
1372    -30142.625000
1373    -30142.916016
1374    -30143.210938
1375    -30143.503906
1376    -30143.794922
1377    -30144.085938
1378    -30144.378906
1379    -30144.669922
1380    -30144.964844
1381    -30145.253906
1382    -30145.544922
1383    -30145.835938
1384    -30146.126953
1385    -30146.417969
1386    -30146.708984
1387    -30147.000000
1388    -30147.281250
1389    -30147.566406
1390    -30147.847656
1391    -30148.132812
1392    -30148.416016
1393    -30148.695312
1394    -30148.976562
1395    -30149.259766
1396    -30149.539062
1397    -30149.822266
1398    -30150.101562
1399    -30150.382812
1400    -30150.662109
1401    -30150.941406
1402    -30151.220703
1403    -30151.500000
1404    -30151.781250
1405    -30152.058594
1406    -30152.337891
1407    -30152.619141
1408    -30152.894531
1409    -30153.173828
1410    -30153.453125
1411    -30153.730469
