1_data_1000
-1.97457e+04 -1.89446e+04 -1.95455e+04 -2.07045e+04 -1.87532e+04 
-1.98274e+04 -1.89924e+04 -1.94036e+04 -2.07618e+04 -1.88043e+04 
-1.99043e+04 -1.90939e+04 -1.95907e+04 -2.08431e+04 -1.88179e+04 
-1.98984e+04 -1.91955e+04 -1.97298e+04 -2.08454e+04 -1.89116e+04 
-1.99453e+04 -1.91936e+04 -1.96458e+04 -2.08485e+04 -1.89421e+04 
-1.98855e+04 -1.91437e+04 -1.97023e+04 -2.08721e+04 -1.89670e+04 

2_data_6000
-2.78589e+05 -2.80385e+05 -2.83636e+05 -2.73622e+05 -2.69953e+05 
-2.79604e+05 -2.80784e+05 -2.83680e+05 -2.74244e+05 -2.70359e+05 
-2.81752e+05 -2.81953e+05 -2.85427e+05 -2.75788e+05 -2.72539e+05 
-2.82147e+05 -2.82694e+05 -2.87031e+05 -2.76908e+05 -2.74142e+05 
-2.82633e+05 -2.83334e+05 -2.87536e+05 -2.77526e+05 -2.73806e+05 
-2.82359e+05 -2.83669e+05 -2.87412e+05 -2.77329e+05 -2.73910e+05 

3_data_25000
-2.35725e+06 -2.32162e+06 -2.36092e+06 -2.36084e+06 -2.36641e+06 
-2.36181e+06 -2.32622e+06 -2.36228e+06 -2.36505e+06 -2.37065e+06 
-2.37714e+06 -2.34333e+06 -2.37761e+06 -2.38166e+06 -2.38792e+06 
-2.38934e+06 -2.35695e+06 -2.39055e+06 -2.39280e+06 -2.39871e+06 
-2.39147e+06 -2.36122e+06 -2.39476e+06 -2.39527e+06 -2.40203e+06 
-2.39340e+06 -2.36157e+06 -2.39644e+06 -2.39822e+06 -2.40567e+06 


