Step            Loss
--------------------
1       -1684.372314
2       -2471.796875
3       -3257.555664
4       -4043.997314
5       -4829.815430
6       -5617.731445
7       -6405.175781
8       -7191.188965
9       -7978.175781
10      -8765.000000
11      -9552.210938
12      -10338.953125
13      -11126.317383
14      -11913.636719
15      -12701.540039
16      -13490.242188
17      -14276.625000
18      -15066.140625
19      -15855.713867
20      -16644.015625
21      -17434.455078
22      -18223.554688
23      -19014.085938
24      -19804.546875
25      -20596.601562
26      -21386.388672
27      -22179.566406
28      -22972.542969
29      -23765.015625
30      -24559.300781
31      -25353.855469
32      -26148.203125
33      -26945.152344
34      -27741.068359
35      -28538.398438
36      -29337.103516
37      -30136.292969
38      -30937.320312
39      -31738.363281
40      -32539.714844
41      -33342.585938
42      -34146.148438
43      -34950.859375
44      -35757.449219
45      -36564.656250
46      -37372.851562
47      -38181.273438
48      -38993.687500
49      -39804.804688
50      -40617.257812
51      -41433.429688
52      -42248.371094
53      -43065.851562
54      -43884.382812
55      -44703.828125
56      -45525.656250
57      -46347.601562
58      -47172.101562
59      -47997.148438
60      -48825.480469
61      -49652.484375
62      -50482.945312
63      -51315.382812
64      -52148.031250
65      -52982.773438
66      -53820.039062
67      -54658.574219
68      -55496.855469
69      -56339.644531
70      -57181.695312
71      -58026.570312
72      -58873.523438
73      -59722.570312
74      -60571.894531
75      -61422.929688
76      -62277.859375
77      -63133.359375
78      -63991.710938
79      -64848.492188
80      -65710.687500
81      -66572.468750
82      -67437.867188
83      -68303.718750
84      -69172.750000
85      -70042.429688
86      -70915.406250
87      -71787.515625
88      -72664.140625
89      -73542.664062
90      -74422.078125
91      -75303.265625
92      -76186.945312
93      -77071.687500
94      -77959.203125
95      -78848.203125
96      -79740.156250
97      -80632.890625
98      -81528.828125
99      -82424.031250
100     -83323.078125
101     -84224.062500
102     -85125.531250
103     -86029.320312
104     -86936.968750
105     -87844.882812
106     -88755.375000
107     -89668.226562
108     -90582.140625
109     -91496.937500
110     -92415.367188
111     -93333.390625
112     -94256.070312
113     -95179.851562
114     -96103.875000
115     -97031.859375
116     -97960.164062
117     -98890.117188
118     -99822.460938
119     -100756.937500
120     -101693.703125
121     -102630.906250
122     -103570.546875
123     -104510.671875
124     -105452.968750
125     -106397.289062
126     -107345.804688
127     -108292.906250
128     -109240.382812
129     -110191.875000
130     -111143.625000
131     -112101.031250
132     -113055.335938
133     -114014.187500
134     -114972.734375
135     -115933.351562
136     -116895.015625
137     -117858.054688
138     -118823.500000
139     -119788.812500
140     -120756.718750
141     -121725.390625
142     -122695.640625
143     -123669.328125
144     -124643.062500
145     -125616.921875
146     -126593.640625
147     -127571.281250
148     -128548.609375
149     -129528.914062
150     -130508.843750
151     -131492.078125
152     -132473.718750
153     -133459.796875
154     -134445.984375
155     -135430.562500
156     -136417.734375
157     -137406.578125
158     -138397.437500
159     -139387.843750
160     -140378.062500
161     -141370.625000
162     -142362.015625
163     -143357.437500
164     -144351.781250
165     -145348.312500
166     -146343.859375
167     -147341.375000
168     -148339.125000
169     -149337.937500
170     -150338.062500
171     -151337.093750
172     -152337.703125
173     -153339.437500
174     -154340.890625
175     -155342.718750
176     -156345.250000
177     -157349.093750
178     -158350.781250
179     -159353.984375
180     -160360.093750
181     -161363.500000
182     -162367.656250
183     -163371.312500
184     -164377.546875
185     -165382.281250
186     -166388.000000
187     -167394.546875
188     -168398.093750
189     -169405.515625
190     -170408.968750
191     -171417.281250
192     -172422.343750
193     -173426.640625
194     -174433.531250
195     -175439.312500
196     -176444.593750
197     -177448.531250
198     -178453.500000
199     -179458.515625
200     -180461.781250
201     -181467.359375
202     -182469.187500
203     -183472.734375
204     -184475.593750
205     -185479.453125
206     -186478.906250
207     -187478.000000
208     -188481.000000
209     -189480.312500
210     -190480.046875
211     -191477.546875
212     -192477.750000
213     -193473.125000
214     -194468.968750
215     -195466.046875
216     -196460.671875
217     -197453.203125
218     -198448.062500
219     -199438.781250
220     -200430.265625
221     -201421.375000
222     -202410.531250
223     -203399.265625
224     -204387.656250
225     -205375.234375
226     -206359.562500
227     -207344.062500
228     -208327.156250
229     -209307.765625
230     -210290.265625
231     -211271.656250
232     -212248.031250
233     -213227.515625
234     -214201.968750
235     -215174.562500
236     -216150.734375
237     -217121.656250
238     -218092.687500
239     -219063.265625
240     -220030.546875
241     -220997.687500
242     -221963.156250
243     -222924.187500
244     -223886.796875
245     -224848.359375
246     -225806.000000
247     -226761.984375
248     -227716.937500
249     -228670.468750
250     -229622.875000
251     -230572.937500
252     -231522.812500
253     -232465.390625
254     -233413.531250
255     -234358.187500
256     -235298.218750
257     -236238.546875
258     -237177.781250
259     -238111.593750
260     -239045.062500
261     -239978.843750
262     -240909.531250
263     -241836.390625
264     -242763.968750
265     -243686.000000
266     -244609.468750
267     -245529.687500
268     -246445.531250
269     -247363.296875
270     -248276.781250
271     -249187.437500
272     -250097.359375
273     -251005.156250
274     -251907.890625
275     -252813.468750
276     -253714.906250
277     -254612.906250
278     -255506.781250
279     -256403.625000
280     -257293.156250
281     -258182.687500
282     -259070.906250
283     -259954.968750
284     -260835.515625
285     -261718.156250
286     -262594.218750
287     -263472.187500
288     -264344.187500
289     -265214.625000
290     -266081.687500
291     -266948.562500
292     -267814.531250
293     -268674.218750
294     -269531.312500
295     -270387.562500
296     -271240.687500
297     -272092.750000
298     -272938.875000
299     -273785.968750
300     -274628.187500
301     -275468.781250
302     -276308.937500
303     -277142.875000
304     -277977.281250
305     -278807.281250
306     -279636.781250
307     -280458.750000
308     -281283.062500
309     -282103.312500
310     -282921.093750
311     -283735.750000
312     -284546.593750
313     -285355.218750
314     -286162.593750
315     -286966.562500
316     -287765.812500
317     -288567.843750
318     -289362.437500
319     -290154.281250
320     -290945.312500
321     -291730.812500
322     -292516.531250
323     -293299.781250
324     -294075.062500
325     -294852.281250
326     -295621.968750
327     -296393.562500
328     -297162.500000
329     -297925.187500
330     -298689.000000
331     -299446.187500
332     -300202.218750
333     -300954.937500
334     -301702.875000
335     -302452.375000
336     -303195.750000
337     -303935.437500
338     -304672.437500
339     -305407.812500
340     -306138.000000
341     -306866.250000
342     -307590.156250
343     -308310.625000
344     -309030.187500
345     -309746.125000
346     -310462.562500
347     -311171.062500
348     -311878.500000
349     -312582.968750
350     -313281.906250
351     -313981.718750
352     -314677.312500
353     -315371.843750
354     -316060.718750
355     -316747.750000
356     -317430.937500
357     -318111.125000
358     -318791.875000
359     -319469.312500
360     -320142.625000
361     -320812.500000
362     -321479.750000
363     -322144.718750
364     -322805.312500
365     -323462.718750
366     -324115.500000
367     -324768.531250
368     -325417.125000
369     -326063.625000
370     -326706.312500
371     -327346.250000
372     -327981.750000
373     -328619.625000
374     -329249.093750
375     -329875.687500
376     -330502.187500
377     -331123.562500
378     -331739.062500
379     -332356.312500
380     -332971.250000
381     -333581.312500
382     -334187.875000
383     -334789.500000
384     -335392.000000
385     -335990.718750
386     -336584.812500
387     -337175.312500
388     -337765.781250
389     -338349.062500
390     -338934.125000
391     -339512.562500
392     -340087.500000
393     -340661.812500
394     -341228.562500
395     -341794.593750
396     -342357.687500
397     -342914.875000
398     -343475.062500
399     -344029.093750
400     -344580.812500
401     -345127.468750
402     -345673.750000
403     -346213.843750
404     -346755.343750
405     -347292.875000
406     -347824.000000
407     -348353.062500
408     -348879.343750
409     -349400.812500
410     -349921.875000
411     -350438.187500
412     -350953.937500
413     -351461.812500
414     -351968.375000
415     -352474.500000
416     -352973.312500
417     -353471.812500
418     -353965.625000
419     -354456.562500
420     -354945.937500
421     -355428.593750
422     -355911.343750
423     -356388.125000
424     -356863.000000
425     -357333.625000
426     -357804.656250
427     -358272.000000
428     -358732.656250
429     -359195.437500
430     -359655.562500
431     -360109.125000
432     -360562.312500
433     -361010.906250
434     -361456.812500
435     -361897.750000
436     -362338.187500
437     -362776.218750
438     -363212.000000
439     -363645.187500
440     -364073.156250
441     -364498.875000
442     -364924.968750
443     -365343.906250
444     -365760.781250
445     -366177.937500
446     -366592.156250
447     -367003.062500
448     -367410.781250
449     -367816.750000
450     -368220.000000
451     -368620.125000
452     -369017.375000
453     -369413.375000
454     -369805.968750
455     -370196.500000
456     -370583.281250
457     -370969.375000
458     -371350.593750
459     -371728.093750
460     -372104.562500
461     -372478.968750
462     -372848.875000
463     -373220.937500
464     -373584.687500
465     -373948.656250
466     -374307.531250
467     -374667.750000
468     -375022.687500
469     -375371.843750
470     -375722.625000
471     -376071.562500
472     -376415.062500
473     -376759.250000
474     -377098.812500
475     -377435.125000
476     -377770.843750
477     -378104.875000
478     -378433.625000
479     -378759.687500
480     -379085.468750
481     -379407.906250
482     -379729.500000
483     -380048.093750
484     -380363.125000
485     -380676.187500
486     -380988.437500
487     -381297.875000
488     -381604.562500
489     -381909.187500
490     -382210.312500
491     -382512.750000
492     -382809.687500
493     -383104.875000
494     -383397.968750
495     -383690.062500
496     -383981.312500
497     -384268.625000
498     -384553.250000
499     -384838.406250
500     -385121.281250
501     -385399.250000
502     -385677.187500
503     -385954.781250
504     -386223.250000
505     -386493.125000
506     -386761.375000
507     -387027.281250
508     -387289.343750
509     -387550.500000
510     -387810.250000
511     -388066.187500
512     -388321.656250
513     -388576.250000
514     -388827.125000
515     -389075.812500
516     -389321.875000
517     -389565.625000
518     -389807.187500
519     -390047.375000
520     -390285.593750
521     -390522.843750
522     -390755.750000
523     -390989.375000
524     -391219.687500
525     -391450.312500
526     -391676.125000
527     -391900.968750
528     -392125.312500
529     -392346.687500
530     -392567.625000
531     -392786.093750
532     -393000.281250
533     -393216.406250
534     -393429.437500
535     -393640.562500
536     -393848.812500
537     -394055.812500
538     -394259.937500
539     -394462.375000
540     -394662.750000
541     -394863.437500
542     -395061.000000
543     -395254.843750
544     -395449.500000
545     -395641.125000
546     -395831.437500
547     -396018.500000
548     -396206.687500
549     -396390.687500
550     -396572.781250
551     -396753.875000
552     -396931.875000
553     -397111.000000
554     -397286.781250
555     -397460.843750
556     -397634.562500
557     -397806.593750
558     -397974.187500
559     -398144.218750
560     -398308.187500
561     -398473.312500
562     -398636.000000
563     -398797.187500
564     -398956.656250
565     -399113.750000
566     -399269.781250
567     -399425.000000
568     -399579.156250
569     -399730.562500
570     -399882.562500
571     -400032.937500
572     -400181.406250
573     -400329.750000
574     -400475.187500
575     -400622.500000
576     -400766.718750
577     -400909.250000
578     -401050.312500
579     -401192.750000
580     -401331.906250
581     -401469.750000
582     -401608.468750
583     -401743.500000
584     -401878.187500
585     -402012.250000
586     -402144.750000
587     -402276.750000
588     -402406.937500
589     -402535.375000
590     -402662.812500
591     -402787.937500
592     -402912.312500
593     -403036.375000
594     -403159.062500
595     -403280.906250
596     -403400.812500
597     -403520.281250
598     -403638.000000
599     -403753.718750
600     -403868.625000
601     -403983.812500
602     -404097.062500
603     -404209.468750
604     -404320.812500
605     -404432.437500
606     -404541.625000
607     -404651.062500
608     -404758.906250
609     -404866.562500
610     -404972.312500
611     -405077.562500
612     -405180.687500
613     -405284.812500
614     -405386.187500
615     -405486.750000
616     -405586.000000
617     -405684.781250
618     -405781.750000
619     -405879.625000
620     -405975.812500
621     -406069.062500
622     -406164.312500
623     -406257.250000
624     -406348.468750
625     -406438.781250
626     -406529.343750
627     -406618.906250
628     -406706.875000
629     -406794.125000
630     -406880.500000
631     -406966.625000
632     -407050.375000
633     -407133.875000
634     -407217.312500
635     -407299.406250
636     -407381.250000
637     -407462.437500
638     -407542.625000
639     -407621.250000
640     -407700.250000
641     -407777.812500
642     -407854.000000
643     -407930.593750
644     -408006.781250
645     -408080.562500
646     -408154.343750
647     -408227.187500
648     -408299.843750
649     -408371.718750
650     -408444.062500
651     -408514.750000
652     -408585.125000
653     -408653.750000
654     -408723.281250
655     -408791.875000
656     -408859.312500
657     -408926.312500
658     -408993.187500
659     -409058.937500
660     -409124.375000
661     -409188.125000
662     -409253.125000
663     -409316.218750
664     -409378.718750
665     -409441.062500
666     -409503.093750
667     -409564.062500
668     -409624.781250
669     -409684.375000
670     -409744.718750
671     -409803.687500
672     -409862.281250
673     -409921.062500
674     -409978.750000
675     -410036.000000
676     -410092.062500
677     -410148.187500
678     -410203.812500
679     -410258.718750
680     -410312.531250
681     -410366.843750
682     -410419.437500
683     -410473.125000
684     -410525.781250
685     -410577.843750
686     -410629.093750
687     -410680.406250
688     -410730.625000
689     -410780.312500
690     -410829.906250
691     -410879.062500
692     -410927.718750
693     -410976.000000
694     -411024.000000
695     -411071.968750
696     -411118.312500
697     -411165.281250
698     -411211.531250
699     -411257.312500
700     -411302.812500
701     -411348.000000
702     -411392.218750
703     -411436.062500
704     -411480.187500
705     -411523.500000
706     -411566.062500
707     -411608.968750
708     -411651.500000
709     -411694.406250
710     -411735.875000
711     -411777.312500
712     -411818.281250
713     -411859.187500
714     -411899.687500
715     -411940.062500
716     -411980.250000
717     -412019.937500
718     -412059.375000
719     -412098.781250
720     -412137.250000
721     -412176.187500
722     -412213.437500
723     -412251.312500
724     -412288.312500
725     -412325.343750
726     -412362.218750
727     -412399.000000
728     -412435.156250
729     -412470.968750
730     -412506.937500
731     -412542.625000
732     -412577.500000
733     -412612.812500
734     -412647.312500
735     -412681.750000
736     -412716.000000
737     -412750.250000
738     -412784.500000
739     -412817.875000
740     -412851.750000
741     -412884.281250
742     -412917.562500
743     -412949.843750
744     -412983.062500
745     -413015.343750
746     -413047.562500
747     -413079.625000
748     -413111.468750
749     -413143.062500
750     -413174.437500
751     -413205.593750
752     -413236.562500
753     -413267.218750
754     -413297.750000
755     -413328.031250
756     -413357.937500
757     -413388.062500
758     -413417.875000
759     -413447.187500
760     -413476.718750
761     -413505.750000
762     -413535.093750
763     -413564.000000
764     -413592.375000
765     -413620.812500
766     -413649.125000
767     -413677.281250
768     -413704.875000
769     -413732.531250
770     -413759.375000
771     -413786.812500
772     -413813.781250
773     -413840.875000
774     -413867.250000
775     -413893.906250
776     -413920.562500
777     -413946.750000
778     -413972.812500
779     -413998.781250
780     -414024.531250
781     -414050.250000
782     -414075.750000
783     -414101.312500
784     -414126.875000
785     -414151.750000
786     -414176.812500
787     -414201.593750
788     -414226.375000
789     -414251.062500
790     -414275.531250
791     -414299.875000
792     -414323.937500
793     -414348.125000
794     -414371.843750
795     -414395.625000
796     -414419.312500
797     -414442.687500
798     -414465.937500
799     -414488.750000
800     -414511.718750
801     -414534.500000
802     -414557.062500
803     -414579.750000
804     -414601.937500
805     -414624.312500
806     -414646.250000
807     -414668.437500
808     -414690.343750
809     -414712.093750
810     -414733.781250
811     -414755.406250
812     -414776.812500
813     -414798.375000
814     -414819.375000
815     -414840.500000
816     -414861.687500
817     -414882.812500
818     -414903.718750
819     -414924.343750
820     -414945.250000
821     -414965.687500
822     -414986.375000
823     -415006.375000
824     -415026.656250
825     -415046.937500
826     -415066.812500
827     -415086.687500
828     -415106.531250
829     -415126.312500
830     -415146.000000
831     -415165.437500
832     -415184.843750
833     -415204.343750
834     -415223.250000
835     -415242.625000
836     -415261.562500
837     -415280.468750
838     -415299.406250
839     -415318.187500
840     -415336.625000
841     -415355.218750
842     -415373.562500
843     -415392.093750
844     -415410.062500
845     -415428.437500
846     -415446.468750
847     -415464.375000
848     -415482.250000
849     -415499.906250
850     -415517.406250
851     -415535.093750
852     -415552.500000
853     -415570.000000
854     -415587.281250
855     -415604.125000
856     -415621.187500
857     -415638.125000
858     -415654.812500
859     -415671.562500
860     -415688.125000
861     -415704.343750
862     -415720.750000
863     -415736.812500
864     -415753.000000
865     -415768.937500
866     -415785.031250
867     -415800.812500
868     -415816.750000
869     -415832.500000
870     -415848.250000
871     -415863.750000
872     -415879.500000
873     -415894.968750
874     -415910.312500
875     -415925.750000
876     -415940.906250
877     -415956.125000
878     -415970.937500
879     -415986.062500
880     -416000.843750
881     -416015.687500
882     -416030.312500
883     -416044.843750
884     -416059.312500
885     -416073.625000
886     -416087.937500
887     -416102.187500
888     -416116.218750
889     -416130.281250
890     -416144.375000
891     -416158.125000
892     -416171.937500
893     -416185.718750
894     -416199.500000
895     -416213.125000
896     -416226.750000
897     -416240.281250
898     -416253.750000
899     -416267.250000
900     -416280.406250
901     -416293.656250
902     -416306.781250
903     -416320.000000
904     -416332.968750
905     -416346.062500
906     -416358.875000
907     -416371.531250
908     -416384.281250
909     -416396.937500
910     -416409.625000
911     -416422.000000
912     -416434.375000
913     -416446.718750
914     -416458.968750
915     -416471.062500
916     -416483.125000
917     -416495.156250
918     -416507.187500
919     -416519.093750
920     -416530.906250
921     -416542.750000
922     -416554.593750
923     -416566.250000
924     -416578.000000
925     -416589.312500
926     -416600.781250
927     -416612.125000
928     -416623.343750
929     -416634.593750
930     -416645.718750
931     -416656.687500
932     -416667.812500
933     -416678.593750
934     -416689.531250
935     -416700.281250
936     -416711.062500
937     -416721.625000
938     -416732.375000
939     -416742.843750
940     -416753.625000
941     -416764.062500
942     -416774.468750
943     -416784.937500
944     -416795.250000
945     -416805.625000
946     -416815.625000
947     -416825.843750
948     -416836.000000
949     -416845.937500
950     -416856.062500
951     -416866.062500
952     -416875.906250
953     -416885.812500
954     -416895.625000
955     -416905.406250
956     -416915.125000
957     -416924.781250
958     -416934.500000
959     -416944.062500
960     -416953.656250
961     -416963.250000
962     -416972.812500
963     -416982.125000
964     -416991.531250
965     -417000.906250
966     -417010.281250
967     -417019.593750
968     -417028.781250
969     -417037.875000
970     -417046.875000
971     -417056.062500
972     -417065.093750
973     -417074.093750
974     -417083.000000
975     -417091.875000
976     -417100.812500
977     -417109.687500
978     -417118.437500
979     -417127.281250
980     -417136.062500
981     -417144.562500
982     -417153.218750
983     -417161.687500
984     -417170.250000
985     -417178.625000
986     -417187.125000
987     -417195.437500
988     -417203.750000
989     -417212.062500
990     -417220.250000
991     -417228.562500
992     -417236.812500
993     -417245.000000
994     -417253.125000
995     -417261.187500
996     -417269.218750
997     -417277.281250
998     -417285.281250
999     -417293.250000
1000    -417301.125000
1001    -417308.968750
1002    -417316.812500
1003    -417324.656250
1004    -417332.250000
1005    -417340.062500
1006    -417347.781250
1007    -417355.312500
1008    -417362.937500
1009    -417370.531250
1010    -417378.125000
1011    -417385.687500
1012    -417393.062500
1013    -417400.625000
1014    -417408.062500
1015    -417415.437500
1016    -417422.875000
1017    -417430.250000
1018    -417437.562500
1019    -417444.781250
1020    -417452.062500
1021    -417459.343750
1022    -417466.375000
1023    -417473.593750
1024    -417480.750000
1025    -417487.812500
1026    -417494.937500
1027    -417501.937500
1028    -417508.937500
1029    -417515.875000
1030    -417522.875000
1031    -417529.562500
1032    -417536.468750
1033    -417543.406250
1034    -417550.125000
1035    -417556.906250
1036    -417563.562500
1037    -417570.187500
1038    -417576.718750
1039    -417583.500000
1040    -417590.000000
1041    -417596.500000
1042    -417603.062500
1043    -417609.562500
1044    -417615.843750
1045    -417622.218750
1046    -417628.562500
1047    -417634.812500
1048    -417641.156250
1049    -417647.437500
1050    -417653.500000
1051    -417659.781250
1052    -417665.937500
1053    -417672.031250
1054    -417678.281250
1055    -417684.437500
1056    -417690.406250
1057    -417696.500000
1058    -417702.562500
1059    -417708.593750
1060    -417714.593750
1061    -417720.625000
1062    -417726.562500
1063    -417732.437500
1064    -417738.312500
1065    -417744.093750
1066    -417750.000000
1067    -417755.812500
1068    -417761.500000
1069    -417767.281250
1070    -417772.937500
1071    -417778.750000
1072    -417784.375000
1073    -417790.093750
1074    -417795.656250
1075    -417801.281250
1076    -417806.781250
1077    -417812.312500
1078    -417817.968750
1079    -417823.468750
1080    -417828.875000
1081    -417834.343750
1082    -417839.875000
1083    -417845.281250
1084    -417850.625000
1085    -417856.000000
1086    -417861.312500
1087    -417866.593750
1088    -417872.000000
1089    -417877.218750
1090    -417882.562500
1091    -417887.812500
1092    -417893.000000
1093    -417898.187500
1094    -417903.375000
1095    -417908.437500
1096    -417913.593750
1097    -417918.625000
1098    -417923.812500
1099    -417928.812500
1100    -417933.906250
1101    -417938.937500
1102    -417944.000000
1103    -417948.937500
1104    -417953.937500
1105    -417958.937500
1106    -417963.937500
1107    -417968.812500
1108    -417973.812500
1109    -417978.750000
1110    -417983.718750
1111    -417988.562500
1112    -417993.375000
1113    -417998.281250
1114    -418003.125000
1115    -418007.843750
1116    -418012.687500
1117    -418017.437500
1118    -418022.062500
1119    -418026.812500
1120    -418031.562500
1121    -418036.187500
1122    -418040.937500
1123    -418045.468750
1124    -418050.187500
1125    -418054.781250
1126    -418059.437500
1127    -418064.000000
1128    -418068.562500
1129    -418073.062500
1130    -418077.687500
1131    -418082.281250
1132    -418086.812500
1133    -418091.312500
1134    -418095.843750
1135    -418100.312500
1136    -418104.750000
1137    -418109.125000
1138    -418113.625000
1139    -418118.000000
1140    -418122.375000
1141    -418126.812500
1142    -418131.062500
1143    -418135.437500
1144    -418139.687500
1145    -418144.062500
1146    -418148.218750
1147    -418152.500000
1148    -418156.750000
1149    -418160.937500
1150    -418165.156250
1151    -418169.343750
1152    -418173.468750
1153    -418177.687500
1154    -418181.843750
1155    -418186.000000
1156    -418190.156250
1157    -418194.281250
1158    -418198.343750
1159    -418202.437500
1160    -418206.531250
1161    -418210.531250
1162    -418214.531250
1163    -418218.562500
1164    -418222.500000
1165    -418226.500000
1166    -418230.500000
1167    -418234.437500
1168    -418238.375000
1169    -418242.312500
1170    -418246.125000
1171    -418249.906250
1172    -418253.843750
1173    -418257.781250
1174    -418261.562500
1175    -418265.437500
1176    -418269.312500
1177    -418273.125000
1178    -418276.843750
1179    -418280.656250
1180    -418284.531250
1181    -418288.281250
1182    -418292.000000
1183    -418295.843750
1184    -418299.500000
1185    -418303.312500
1186    -418307.062500
1187    -418310.781250
1188    -418314.531250
1189    -418318.218750
1190    -418321.875000
1191    -418325.656250
1192    -418329.312500
1193    -418333.031250
1194    -418336.718750
1195    -418340.312500
1196    -418343.937500
1197    -418347.468750
1198    -418351.093750
1199    -418354.687500
1200    -418358.218750
1201    -418361.750000
1202    -418365.375000
1203    -418368.875000
1204    -418372.375000
1205    -418375.875000
1206    -418379.437500
1207    -418383.000000
1208    -418386.375000
1209    -418389.875000
1210    -418393.406250
1211    -418396.750000
1212    -418400.312500
1213    -418403.687500
1214    -418407.062500
1215    -418410.593750
1216    -418413.968750
1217    -418417.343750
1218    -418420.750000
1219    -418424.250000
1220    -418427.562500
1221    -418430.875000
1222    -418434.250000
1223    -418437.468750
1224    -418440.937500
1225    -418444.187500
1226    -418447.562500
1227    -418450.781250
1228    -418454.062500
1229    -418457.312500
1230    -418460.562500
1231    -418463.781250
1232    -418466.937500
1233    -418470.125000
1234    -418473.375000
1235    -418476.500000
1236    -418479.625000
1237    -418482.812500
1238    -418486.000000
1239    -418489.093750
1240    -418492.187500
1241    -418495.250000
1242    -418498.312500
1243    -418501.437500
1244    -418504.500000
1245    -418507.531250
1246    -418510.625000
1247    -418513.687500
1248    -418516.750000
1249    -418519.812500
1250    -418522.781250
1251    -418525.812500
1252    -418528.812500
1253    -418531.875000
1254    -418534.875000
1255    -418537.906250
1256    -418540.781250
1257    -418543.781250
1258    -418546.750000
1259    -418549.656250
1260    -418552.562500
1261    -418555.562500
1262    -418558.468750
1263    -418561.375000
1264    -418564.187500
1265    -418567.125000
1266    -418569.937500
1267    -418572.812500
1268    -418575.625000
1269    -418578.500000
1270    -418581.281250
1271    -418584.125000
1272    -418587.000000
1273    -418589.812500
1274    -418592.625000
1275    -418595.437500
1276    -418598.281250
1277    -418601.125000
1278    -418603.906250
1279    -418606.687500
1280    -418609.500000
1281    -418612.375000
1282    -418615.125000
1283    -418618.000000
1284    -418620.750000
1285    -418623.562500
1286    -418626.375000
1287    -418629.125000
1288    -418631.968750
1289    -418634.750000
1290    -418637.500000
1291    -418640.312500
1292    -418643.125000
1293    -418645.875000
1294    -418648.625000
1295    -418651.375000
1296    -418654.125000
1297    -418656.937500
1298    -418659.687500
1299    -418662.437500
1300    -418665.250000
1301    -418668.000000
1302    -418670.718750
1303    -418673.500000
1304    -418676.312500
1305    -418679.031250
1306    -418681.781250
1307    -418684.562500
1308    -418687.312500
1309    -418690.062500
1310    -418692.812500
1311    -418695.562500
1312    -418698.343750
1313    -418701.125000
1314    -418703.812500
1315    -418706.625000
1316    -418709.250000
1317    -418712.093750
1318    -418714.718750
1319    -418717.500000
1320    -418720.250000
1321    -418722.968750
1322    -418725.687500
1323    -418728.437500
1324    -418731.125000
1325    -418733.875000
1326    -418736.562500
1327    -418739.312500
1328    -418742.000000
1329    -418744.718750
1330    -418747.437500
1331    -418750.125000
1332    -418752.812500
1333    -418755.562500
1334    -418758.250000
1335    -418760.937500
1336    -418763.656250
1337    -418766.406250
1338    -418769.062500
1339    -418771.718750
1340    -418774.437500
1341    -418777.187500
1342    -418779.875000
1343    -418782.562500
1344    -418785.250000
1345    -418787.968750
1346    -418790.625000
1347    -418793.312500
1348    -418796.000000
1349    -418798.687500
1350    -418801.343750
1351    -418804.062500
1352    -418806.750000
1353    -418809.406250
1354    -418812.062500
1355    -418814.812500
1356    -418817.437500
1357    -418820.125000
1358    -418822.812500
1359    -418825.531250
1360    -418828.156250
1361    -418830.843750
1362    -418833.562500
1363    -418836.187500
1364    -418838.875000
1365    -418841.562500
1366    -418844.187500
1367    -418846.937500
1368    -418849.562500
1369    -418852.218750
1370    -418854.875000
1371    -418857.562500
1372    -418860.250000
1373    -418862.875000
1374    -418865.500000
1375    -418868.156250
1376    -418870.718750
1377    -418873.437500
1378    -418876.031250
1379    -418878.687500
1380    -418881.312500
1381    -418883.937500
1382    -418886.531250
1383    -418889.156250
1384    -418891.750000
1385    -418894.406250
1386    -418897.000000
1387    -418899.656250
1388    -418902.312500
1389    -418904.906250
1390    -418907.531250
1391    -418910.187500
1392    -418912.812500
1393    -418915.437500
1394    -418918.125000
1395    -418920.687500
1396    -418923.437500
1397    -418926.000000
1398    -418928.625000
1399    -418931.343750
1400    -418933.968750
1401    -418936.593750
1402    -418939.250000
1403    -418941.875000
1404    -418944.562500
1405    -418947.187500
1406    -418949.843750
1407    -418952.500000
1408    -418955.156250
1409    -418957.750000
1410    -418960.437500
1411    -418963.062500
1412    -418965.750000
1413    -418968.375000
1414    -418971.000000
1415    -418973.687500
1416    -418976.375000
1417    -418979.062500
1418    -418981.625000
1419    -418984.312500
1420    -418987.000000
1421    -418989.687500
1422    -418992.375000
1423    -418995.000000
1424    -418997.687500
1425    -419000.343750
1426    -419003.031250
1427    -419005.687500
1428    -419008.437500
1429    -419011.062500
1430    -419013.812500
1431    -419016.437500
1432    -419019.156250
1433    -419021.875000
1434    -419024.562500
1435    -419027.250000
1436    -419029.937500
1437    -419032.625000
1438    -419035.312500
1439    -419038.000000
1440    -419040.687500
1441    -419043.406250
1442    -419046.031250
1443    -419048.812500
1444    -419051.437500
1445    -419054.156250
1446    -419056.875000
1447    -419059.562500
1448    -419062.218750
1449    -419065.000000
1450    -419067.687500
1451    -419070.375000
1452    -419073.062500
1453    -419075.812500
1454    -419078.531250
1455    -419081.218750
1456    -419083.937500
1457    -419086.656250
1458    -419089.375000
1459    -419092.125000
1460    -419094.812500
1461    -419097.562500
1462    -419100.312500
1463    -419103.062500
1464    -419105.812500
1465    -419108.562500
1466    -419111.250000
1467    -419113.968750
1468    -419116.656250
1469    -419119.406250
1470    -419122.156250
1471    -419124.906250
1472    -419127.625000
1473    -419130.375000
1474    -419133.062500
1475    -419135.906250
1476    -419138.625000
1477    -419141.375000
1478    -419144.125000
1479    -419146.843750
1480    -419149.687500
1481    -419152.375000
1482    -419155.187500
1483    -419157.906250
1484    -419160.687500
1485    -419163.500000
1486    -419166.187500
1487    -419169.000000
1488    -419171.750000
1489    -419174.500000
1490    -419177.281250
1491    -419180.062500
1492    -419182.843750
1493    -419185.687500
1494    -419188.437500
1495    -419191.250000
1496    -419194.062500
1497    -419196.875000
1498    -419199.625000
1499    -419202.437500
1500    -419205.250000
1501    -419208.062500
1502    -419210.906250
1503    -419213.687500
1504    -419216.500000
1505    -419219.312500
1506    -419222.156250
1507    -419225.031250
1508    -419227.875000
1509    -419230.687500
1510    -419233.562500
1511    -419236.343750
1512    -419239.187500
1513    -419241.968750
1514    -419244.843750
1515    -419247.656250
1516    -419250.562500
1517    -419253.375000
1518    -419256.156250
1519    -419259.000000
1520    -419261.812500
1521    -419264.625000
1522    -419267.468750
1523    -419270.312500
1524    -419273.125000
1525    -419276.000000
1526    -419278.812500
1527    -419281.625000
1528    -419284.531250
1529    -419287.312500
1530    -419290.125000
1531    -419292.968750
1532    -419295.843750
1533    -419298.687500
1534    -419301.531250
1535    -419304.375000
1536    -419307.250000
1537    -419310.062500
1538    -419312.937500
1539    -419315.781250
1540    -419318.656250
1541    -419321.500000
1542    -419324.375000
1543    -419327.218750
1544    -419330.093750
1545    -419332.968750
1546    -419335.812500
1547    -419338.687500
1548    -419341.625000
1549    -419344.437500
1550    -419347.312500
1551    -419350.218750
1552    -419353.156250
1553    -419356.000000
1554    -419358.875000
1555    -419361.812500
1556    -419364.718750
1557    -419367.593750
1558    -419370.437500
1559    -419373.375000
1560    -419376.187500
1561    -419379.156250
1562    -419382.062500
1563    -419384.937500
1564    -419387.843750
1565    -419390.812500
1566    -419393.687500
1567    -419396.593750
1568    -419399.500000
1569    -419402.406250
1570    -419405.312500
1571    -419408.187500
1572    -419411.125000
1573    -419413.968750
1574    -419416.937500
1575    -419419.812500
1576    -419422.718750
1577    -419425.687500
1578    -419428.531250
1579    -419431.468750
1580    -419434.375000
1581    -419437.218750
1582    -419440.062500
1583    -419442.968750
1584    -419445.875000
1585    -419448.781250
1586    -419451.625000
1587    -419454.500000
1588    -419457.312500
1589    -419460.125000
1590    -419463.000000
1591    -419465.875000
1592    -419468.750000
1593    -419471.500000
1594    -419474.375000
1595    -419477.250000
1596    -419480.031250
1597    -419482.906250
1598    -419485.718750
1599    -419488.531250
1600    -419491.375000
1601    -419494.250000
1602    -419497.062500
1603    -419499.843750
1604    -419502.718750
1605    -419505.531250
1606    -419508.375000
1607    -419511.187500
1608    -419513.968750
1609    -419516.812500
1610    -419519.562500
1611    -419522.406250
1612    -419525.250000
1613    -419528.062500
1614    -419530.875000
1615    -419533.687500
1616    -419536.437500
1617    -419539.250000
1618    -419542.000000
1619    -419544.812500
1620    -419547.593750
1621    -419550.437500
1622    -419553.125000
1623    -419555.968750
1624    -419558.718750
1625    -419561.531250
1626    -419564.281250
1627    -419567.000000
1628    -419569.812500
1629    -419572.562500
1630    -419575.375000
1631    -419578.125000
1632    -419580.875000
1633    -419583.625000
1634    -419586.375000
1635    -419589.156250
1636    -419591.875000
1637    -419594.625000
1638    -419597.343750
1639    -419600.062500
1640    -419602.875000
1641    -419605.625000
1642    -419608.312500
1643    -419611.062500
1644    -419613.812500
1645    -419616.500000
1646    -419619.312500
1647    -419622.031250
1648    -419624.781250
1649    -419627.500000
1650    -419630.187500
1651    -419632.937500
1652    -419635.687500
1653    -419638.375000
1654    -419641.062500
1655    -419643.750000
1656    -419646.437500
1657    -419649.125000
1658    -419651.812500
1659    -419654.500000
1660    -419657.187500
1661    -419659.843750
1662    -419662.562500
1663    -419665.218750
1664    -419667.875000
1665    -419670.531250
1666    -419673.250000
1667    -419675.875000
1668    -419678.562500
1669    -419681.187500
1670    -419683.875000
1671    -419686.562500
1672    -419689.125000
1673    -419691.812500
1674    -419694.468750
1675    -419697.093750
1676    -419699.750000
1677    -419702.375000
1678    -419705.000000
1679    -419707.593750
1680    -419710.281250
1681    -419712.875000
1682    -419715.531250
1683    -419718.125000
1684    -419720.750000
1685    -419723.375000
1686    -419725.937500
1687    -419728.500000
1688    -419731.062500
1689    -419733.625000
1690    -419736.156250
1691    -419738.750000
1692    -419741.312500
1693    -419743.875000
1694    -419746.437500
1695    -419748.968750
1696    -419751.437500
1697    -419754.000000
1698    -419756.562500
1699    -419759.062500
1700    -419761.625000
1701    -419764.125000
1702    -419766.656250
1703    -419769.156250
1704    -419771.625000
1705    -419774.156250
1706    -419776.656250
1707    -419779.125000
1708    -419781.625000
1709    -419784.125000
1710    -419786.593750
1711    -419789.125000
1712    -419791.500000
1713    -419794.062500
1714    -419796.562500
1715    -419799.000000
1716    -419801.468750
1717    -419803.906250
1718    -419806.375000
1719    -419808.875000
1720    -419811.312500
1721    -419813.812500
1722    -419816.250000
1723    -419818.718750
1724    -419821.125000
1725    -419823.562500
1726    -419825.968750
1727    -419828.437500
1728    -419830.875000
1729    -419833.281250
1730    -419835.687500
1731    -419838.156250
1732    -419840.625000
1733    -419842.968750
1734    -419845.437500
1735    -419847.812500
1736    -419850.250000
1737    -419852.656250
1738    -419855.062500
1739    -419857.437500
1740    -419859.937500
1741    -419862.312500
1742    -419864.750000
1743    -419867.125000
1744    -419869.500000
1745    -419871.937500
1746    -419874.281250
1747    -419876.750000
1748    -419879.093750
1749    -419881.468750
1750    -419883.906250
1751    -419886.312500
1752    -419888.750000
1753    -419891.062500
1754    -419893.500000
1755    -419895.875000
1756    -419898.250000
1757    -419900.625000
1758    -419903.000000
1759    -419905.375000
1760    -419907.750000
1761    -419910.156250
1762    -419912.500000
1763    -419914.906250
1764    -419917.312500
1765    -419919.718750
1766    -419922.062500
1767    -419924.437500
1768    -419926.812500
1769    -419929.156250
1770    -419931.531250
1771    -419933.875000
1772    -419936.250000
1773    -419938.625000
1774    -419941.000000
1775    -419943.375000
1776    -419945.781250
1777    -419948.156250
1778    -419950.500000
1779    -419952.875000
1780    -419955.250000
1781    -419957.593750
1782    -419959.968750
1783    -419962.375000
1784    -419964.687500
1785    -419967.031250
1786    -419969.437500
1787    -419971.812500
1788    -419974.125000
1789    -419976.500000
1790    -419978.875000
1791    -419981.250000
1792    -419983.625000
1793    -419985.968750
1794    -419988.281250
1795    -419990.687500
1796    -419993.000000
1797    -419995.375000
1798    -419997.750000
1799    -420000.156250
1800    -420002.468750
1801    -420004.781250
1802    -420007.250000
1803    -420009.562500
1804    -420011.937500
1805    -420014.312500
1806    -420016.625000
1807    -420018.906250
1808    -420021.312500
1809    -420023.625000
1810    -420025.937500
1811    -420028.250000
1812    -420030.593750
1813    -420032.968750
1814    -420035.281250
1815    -420037.593750
1816    -420039.968750
1817    -420042.281250
1818    -420044.656250
1819    -420046.968750
1820    -420049.281250
1821    -420051.531250
1822    -420053.875000
1823    -420056.218750
1824    -420058.531250
1825    -420060.875000
1826    -420063.187500
1827    -420065.500000
1828    -420067.812500
1829    -420070.156250
1830    -420072.500000
1831    -420074.750000
1832    -420077.062500
1833    -420079.312500
1834    -420081.625000
1835    -420083.937500
1836    -420086.250000
1837    -420088.531250
1838    -420090.781250
1839    -420093.062500
1840    -420095.312500
1841    -420097.531250
1842    -420099.812500
1843    -420102.125000
1844    -420104.375000
1845    -420106.625000
1846    -420108.875000
1847    -420111.156250
1848    -420113.375000
1849    -420115.656250
1850    -420117.937500
1851    -420120.125000
1852    -420122.437500
1853    -420124.656250
1854    -420126.906250
1855    -420129.187500
1856    -420131.343750
1857    -420133.625000
1858    -420135.875000
1859    -420138.093750
1860    -420140.375000
1861    -420142.562500
1862    -420144.781250
1863    -420147.062500
1864    -420149.250000
1865    -420151.500000
1866    -420153.781250
1867    -420155.937500
1868    -420158.125000
1869    -420160.343750
1870    -420162.437500
1871    -420164.625000
1872    -420166.812500
1873    -420168.968750
1874    -420171.125000
1875    -420173.250000
1876    -420175.437500
1877    -420177.562500
1878    -420179.687500
1879    -420181.843750
1880    -420183.968750
1881    -420186.125000
1882    -420188.250000
1883    -420190.343750
1884    -420192.531250
1885    -420194.593750
1886    -420196.750000
1887    -420198.843750
1888    -420200.937500
1889    -420203.000000
1890    -420205.125000
1891    -420207.250000
1892    -420209.250000
1893    -420211.375000
1894    -420213.468750
1895    -420215.531250
1896    -420217.625000
1897    -420219.750000
1898    -420221.812500
1899    -420223.843750
1900    -420225.937500
1901    -420228.000000
1902    -420229.968750
1903    -420232.062500
1904    -420234.125000
1905    -420236.156250
1906    -420238.218750
1907    -420240.250000
1908    -420242.250000
1909    -420244.281250
1910    -420246.250000
1911    -420248.312500
1912    -420250.312500
1913    -420252.312500
1914    -420254.343750
1915    -420256.375000
1916    -420258.312500
1917    -420260.312500
1918    -420262.250000
1919    -420264.250000
1920    -420266.156250
1921    -420268.187500
1922    -420270.093750
1923    -420272.031250
1924    -420274.000000
1925    -420275.937500
1926    -420277.937500
1927    -420279.812500
1928    -420281.750000
1929    -420283.656250
1930    -420285.625000
1931    -420287.500000
1932    -420289.375000
1933    -420291.250000
1934    -420293.125000
1935    -420295.000000
1936    -420296.843750
1937    -420298.687500
1938    -420300.531250
1939    -420302.375000
1940    -420304.218750
1941    -420306.031250
1942    -420307.875000
1943    -420309.625000
1944    -420311.468750
1945    -420313.250000
1946    -420315.000000
1947    -420316.843750
1948    -420318.593750
1949    -420320.375000
1950    -420322.156250
1951    -420323.968750
1952    -420325.687500
1953    -420327.437500
1954    -420329.187500
1955    -420330.937500
1956    -420332.656250
1957    -420334.375000
1958    -420336.062500
1959    -420337.750000
1960    -420339.500000
1961    -420341.156250
1962    -420342.875000
1963    -420344.500000
1964    -420346.187500
1965    -420347.875000
1966    -420349.500000
1967    -420351.156250
1968    -420352.781250
1969    -420354.406250
1970    -420356.062500
1971    -420357.718750
1972    -420359.312500
1973    -420360.937500
1974    -420362.593750
1975    -420364.187500
1976    -420365.812500
1977    -420367.437500
1978    -420369.062500
1979    -420370.656250
1980    -420372.250000
1981    -420373.812500
1982    -420375.437500
1983    -420377.000000
1984    -420378.625000
1985    -420380.125000
1986    -420381.687500
1987    -420383.250000
1988    -420384.781250
1989    -420386.312500
1990    -420387.875000
1991    -420389.437500
1992    -420390.937500
1993    -420392.500000
1994    -420394.000000
1995    -420395.562500
1996    -420397.093750
1997    -420398.625000
1998    -420400.062500
1999    -420401.656250
2000    -420403.187500
2001    -420404.687500
2002    -420406.218750
2003    -420407.718750
2004    -420409.187500
2005    -420410.687500
2006    -420412.187500
2007    -420413.718750
2008    -420415.187500
2009    -420416.687500
2010    -420418.187500
2011    -420419.687500
2012    -420421.156250
2013    -420422.687500
2014    -420424.187500
2015    -420425.656250
2016    -420427.156250
2017    -420428.562500
2018    -420430.062500
2019    -420431.562500
2020    -420433.000000
2021    -420434.437500
2022    -420435.875000
2023    -420437.312500
2024    -420438.750000
2025    -420440.187500
2026    -420441.625000
2027    -420443.062500
2028    -420444.468750
2029    -420445.937500
2030    -420447.312500
2031    -420448.718750
2032    -420450.156250
2033    -420451.625000
2034    -420453.000000
2035    -420454.406250
2036    -420455.812500
2037    -420457.281250
2038    -420458.656250
2039    -420460.062500
2040    -420461.500000
2041    -420462.937500
2042    -420464.312500
2043    -420465.750000
2044    -420467.125000
2045    -420468.531250
2046    -420469.968750
2047    -420471.406250
2048    -420472.812500
2049    -420474.187500
2050    -420475.625000
2051    -420477.031250
2052    -420478.437500
2053    -420479.812500
2054    -420481.187500
2055    -420482.562500
2056    -420483.937500
2057    -420485.343750
2058    -420486.718750
2059    -420488.125000
2060    -420489.437500
2061    -420490.875000
2062    -420492.218750
2063    -420493.593750
2064    -420494.968750
2065    -420496.312500
2066    -420497.687500
2067    -420499.031250
2068    -420500.500000
2069    -420501.812500
2070    -420503.187500
2071    -420504.562500
2072    -420505.906250
2073    -420507.312500
2074    -420508.687500
2075    -420510.125000
2076    -420511.437500
2077    -420512.875000
2078    -420514.250000
2079    -420515.625000
2080    -420517.000000
2081    -420518.406250
2082    -420519.750000
2083    -420521.187500
2084    -420522.531250
2085    -420523.937500
2086    -420525.281250
2087    -420526.656250
2088    -420528.062500
2089    -420529.468750
2090    -420530.812500
2091    -420532.187500
2092    -420533.625000
2093    -420534.937500
2094    -420536.343750
2095    -420537.750000
2096    -420539.125000
2097    -420540.562500
2098    -420541.875000
2099    -420543.312500
2100    -420544.750000
2101    -420546.125000
2102    -420547.500000
2103    -420548.906250
2104    -420550.312500
2105    -420551.718750
2106    -420553.125000
2107    -420554.500000
2108    -420555.875000
2109    -420557.312500
2110    -420558.718750
2111    -420560.062500
2112    -420561.500000
2113    -420562.906250
2114    -420564.312500
2115    -420565.718750
2116    -420567.125000
2117    -420568.531250
2118    -420569.968750
2119    -420571.375000
2120    -420572.750000
2121    -420574.187500
2122    -420575.625000
2123    -420577.031250
2124    -420578.468750
2125    -420579.875000
2126    -420581.312500
2127    -420582.750000
2128    -420584.125000
2129    -420585.531250
2130    -420586.937500
2131    -420588.343750
2132    -420589.781250
2133    -420591.187500
2134    -420592.625000
2135    -420594.000000
2136    -420595.437500
2137    -420596.875000
2138    -420598.281250
2139    -420599.687500
2140    -420601.125000
2141    -420602.531250
2142    -420603.968750
2143    -420605.437500
2144    -420606.875000
2145    -420608.281250
2146    -420609.687500
2147    -420611.125000
2148    -420612.593750
2149    -420614.000000
2150    -420615.375000
2151    -420616.843750
2152    -420618.250000
2153    -420619.687500
2154    -420621.062500
2155    -420622.500000
2156    -420623.937500
2157    -420625.375000
2158    -420626.781250
2159    -420628.187500
2160    -420629.625000
2161    -420631.062500
2162    -420632.531250
2163    -420633.937500
2164    -420635.375000
2165    -420636.843750
2166    -420638.312500
2167    -420639.781250
2168    -420641.187500
2169    -420642.625000
2170    -420644.093750
2171    -420645.562500
2172    -420647.000000
2173    -420648.468750
2174    -420649.937500
2175    -420651.406250
2176    -420652.843750
2177    -420654.343750
2178    -420655.781250
2179    -420657.250000
2180    -420658.781250
2181    -420660.187500
2182    -420661.687500
2183    -420663.187500
2184    -420664.656250
2185    -420666.125000
2186    -420667.625000
2187    -420669.093750
2188    -420670.562500
2189    -420672.062500
2190    -420673.500000
2191    -420675.031250
2192    -420676.531250
2193    -420678.031250
2194    -420679.500000
2195    -420681.031250
2196    -420682.500000
2197    -420684.031250
2198    -420685.531250
2199    -420687.062500
2200    -420688.562500
2201    -420690.062500
2202    -420691.562500
2203    -420693.062500
2204    -420694.562500
2205    -420696.125000
2206    -420697.593750
2207    -420699.093750
2208    -420700.593750
2209    -420702.125000
2210    -420703.625000
2211    -420705.125000
2212    -420706.625000
2213    -420708.156250
2214    -420709.687500
2215    -420711.187500
2216    -420712.718750
2217    -420714.250000
2218    -420715.750000
2219    -420717.250000
2220    -420718.781250
2221    -420720.312500
2222    -420721.843750
2223    -420723.343750
2224    -420724.875000
2225    -420726.437500
2226    -420727.968750
2227    -420729.500000
2228    -420731.062500
2229    -420732.562500
2230    -420734.156250
2231    -420735.656250
2232    -420737.250000
2233    -420738.781250
2234    -420740.343750
2235    -420741.875000
2236    -420743.406250
2237    -420744.968750
2238    -420746.500000
2239    -420748.000000
2240    -420749.562500
2241    -420751.093750
2242    -420752.625000
2243    -420754.187500
2244    -420755.718750
2245    -420757.250000
2246    -420758.781250
2247    -420760.343750
2248    -420761.875000
2249    -420763.437500
2250    -420765.000000
2251    -420766.562500
2252    -420768.125000
2253    -420769.625000
2254    -420771.218750
2255    -420772.781250
2256    -420774.312500
2257    -420775.875000
2258    -420777.437500
2259    -420779.000000
2260    -420780.500000
2261    -420782.093750
2262    -420783.656250
2263    -420785.250000
2264    -420786.812500
2265    -420788.343750
2266    -420789.875000
2267    -420791.500000
2268    -420793.062500
2269    -420794.625000
2270    -420796.187500
2271    -420797.718750
2272    -420799.312500
2273    -420800.906250
2274    -420802.437500
2275    -420804.062500
2276    -420805.625000
2277    -420807.156250
2278    -420808.750000
2279    -420810.312500
2280    -420811.875000
2281    -420813.500000
2282    -420815.031250
2283    -420816.625000
2284    -420818.187500
2285    -420819.750000
2286    -420821.343750
2287    -420822.937500
2288    -420824.437500
2289    -420826.062500
2290    -420827.625000
2291    -420829.187500
2292    -420830.812500
2293    -420832.375000
2294    -420833.968750
2295    -420835.500000
2296    -420837.125000
2297    -420838.687500
2298    -420840.218750
2299    -420841.812500
2300    -420843.375000
2301    -420844.968750
2302    -420846.500000
2303    -420848.125000
2304    -420849.687500
2305    -420851.281250
2306    -420852.812500
2307    -420854.375000
2308    -420855.937500
2309    -420857.468750
2310    -420859.062500
2311    -420860.625000
2312    -420862.187500
2313    -420863.718750
2314    -420865.281250
2315    -420866.843750
2316    -420868.406250
2317    -420869.875000
2318    -420871.437500
2319    -420873.000000
2320    -420874.562500
2321    -420876.093750
2322    -420877.625000
2323    -420879.156250
2324    -420880.656250
2325    -420882.156250
2326    -420883.656250
2327    -420885.187500
2328    -420886.625000
2329    -420888.156250
2330    -420889.656250
2331    -420891.125000
2332    -420892.625000
2333    -420894.156250
2334    -420895.625000
2335    -420897.125000
2336    -420898.625000
2337    -420900.093750
2338    -420901.625000
2339    -420903.062500
2340    -420904.562500
2341    -420906.062500
2342    -420907.531250
2343    -420909.000000
2344    -420910.500000
2345    -420911.937500
2346    -420913.437500
2347    -420914.906250
2348    -420916.375000
2349    -420917.843750
2350    -420919.312500
2351    -420920.812500
2352    -420922.312500
2353    -420923.750000
2354    -420925.187500
2355    -420926.656250
2356    -420928.125000
2357    -420929.562500
2358    -420931.031250
2359    -420932.500000
2360    -420933.937500
2361    -420935.375000
2362    -420936.812500
2363    -420938.250000
2364    -420939.687500
2365    -420941.125000
2366    -420942.562500
2367    -420944.031250
2368    -420945.437500
2369    -420946.875000
2370    -420948.312500
2371    -420949.750000
2372    -420951.156250
2373    -420952.562500
2374    -420954.000000
2375    -420955.406250
2376    -420956.875000
2377    -420958.250000
2378    -420959.656250
2379    -420961.062500
2380    -420962.500000
2381    -420963.875000
2382    -420965.281250
2383    -420966.687500
2384    -420968.031250
2385    -420969.437500
2386    -420970.843750
2387    -420972.187500
2388    -420973.593750
2389    -420974.937500
2390    -420976.343750
2391    -420977.718750
2392    -420979.062500
2393    -420980.437500
2394    -420981.812500
2395    -420983.187500
2396    -420984.500000
2397    -420985.906250
2398    -420987.250000
2399    -420988.625000
2400    -420989.937500
2401    -420991.312500
2402    -420992.625000
2403    -420994.000000
2404    -420995.312500
2405    -420996.687500
2406    -420998.000000
2407    -420999.343750
2408    -421000.656250
2409    -421002.000000
2410    -421003.312500
2411    -421004.625000
2412    -421005.968750
2413    -421007.250000
2414    -421008.593750
2415    -421009.875000
2416    -421011.187500
2417    -421012.500000
2418    -421013.750000
2419    -421015.062500
2420    -421016.375000
2421    -421017.656250
2422    -421018.937500
2423    -421020.250000
2424    -421021.531250
2425    -421022.812500
2426    -421024.093750
2427    -421025.343750
2428    -421026.625000
2429    -421027.875000
2430    -421029.125000
2431    -421030.406250
2432    -421031.593750
2433    -421032.843750
2434    -421034.062500
2435    -421035.281250
2436    -421036.500000
2437    -421037.750000
2438    -421038.968750
2439    -421040.187500
2440    -421041.406250
2441    -421042.625000
2442    -421043.812500
2443    -421045.031250
2444    -421046.187500
2445    -421047.437500
2446    -421048.625000
2447    -421049.812500
2448    -421051.000000
2449    -421052.218750
2450    -421053.375000
2451    -421054.593750
2452    -421055.718750
2453    -421056.937500
2454    -421058.093750
2455    -421059.250000
2456    -421060.437500
2457    -421061.562500
2458    -421062.750000
2459    -421063.875000
2460    -421065.000000
2461    -421066.156250
2462    -421067.281250
2463    -421068.468750
2464    -421069.562500
2465    -421070.687500
2466    -421071.812500
2467    -421072.968750
2468    -421074.093750
2469    -421075.187500
2470    -421076.312500
2471    -421077.437500
2472    -421078.562500
2473    -421079.687500
2474    -421080.750000
2475    -421081.875000
2476    -421082.937500
2477    -421084.031250
2478    -421085.125000
2479    -421086.187500
2480    -421087.250000
2481    -421088.343750
2482    -421089.437500
2483    -421090.500000
2484    -421091.531250
2485    -421092.562500
2486    -421093.625000
2487    -421094.656250
2488    -421095.687500
2489    -421096.750000
2490    -421097.750000
2491    -421098.750000
2492    -421099.750000
2493    -421100.812500
2494    -421101.843750
2495    -421102.875000
2496    -421103.843750
2497    -421104.875000
2498    -421105.937500
2499    -421106.937500
2500    -421107.937500
2501    -421108.937500
2502    -421109.937500
2503    -421110.937500
2504    -421111.937500
2505    -421112.937500
2506    -421113.906250
2507    -421114.937500
2508    -421115.875000
2509    -421116.843750
2510    -421117.781250
2511    -421118.812500
2512    -421119.718750
2513    -421120.687500
2514    -421121.687500
2515    -421122.625000
2516    -421123.562500
2517    -421124.531250
2518    -421125.500000
2519    -421126.437500
2520    -421127.375000
2521    -421128.343750
2522    -421129.312500
2523    -421130.218750
2524    -421131.187500
2525    -421132.093750
2526    -421133.031250
2527    -421133.968750
2528    -421134.937500
2529    -421135.843750
2530    -421136.750000
2531    -421137.718750
2532    -421138.625000
2533    -421139.562500
2534    -421140.531250
2535    -421141.437500
2536    -421142.312500
2537    -421143.250000
2538    -421144.187500
2539    -421145.062500
2540    -421145.968750
2541    -421146.937500
2542    -421147.843750
2543    -421148.750000
2544    -421149.625000
2545    -421150.562500
2546    -421151.468750
2547    -421152.375000
2548    -421153.281250
2549    -421154.187500
2550    -421155.093750
2551    -421156.000000
2552    -421156.937500
2553    -421157.812500
2554    -421158.687500
2555    -421159.625000
2556    -421160.500000
2557    -421161.406250
2558    -421162.312500
2559    -421163.250000
2560    -421164.125000
2561    -421165.062500
2562    -421165.937500
2563    -421166.812500
2564    -421167.718750
2565    -421168.593750
2566    -421169.500000
2567    -421170.375000
2568    -421171.250000
2569    -421172.125000
2570    -421173.000000
2571    -421173.875000
2572    -421174.781250
2573    -421175.625000
2574    -421176.625000
2575    -421177.500000
2576    -421178.375000
2577    -421179.218750
2578    -421180.093750
2579    -421181.000000
2580    -421181.875000
2581    -421182.750000
2582    -421183.625000
2583    -421184.500000
2584    -421185.406250
2585    -421186.281250
2586    -421187.125000
2587    -421188.000000
2588    -421188.843750
2589    -421189.687500
2590    -421190.562500
2591    -421191.437500
2592    -421192.312500
2593    -421193.187500
2594    -421194.000000
2595    -421194.875000
2596    -421195.750000
2597    -421196.593750
2598    -421197.437500
2599    -421198.312500
2600    -421199.156250
2601    -421200.000000
2602    -421200.875000
2603    -421201.687500
2604    -421202.562500
2605    -421203.406250
2606    -421204.250000
2607    -421205.062500
2608    -421205.937500
2609    -421206.812500
2610    -421207.625000
2611    -421208.437500
2612    -421209.312500
2613    -421210.125000
2614    -421210.937500
2615    -421211.718750
2616    -421212.562500
2617    -421213.343750
2618    -421214.187500
2619    -421215.000000
2620    -421215.812500
2621    -421216.593750
2622    -421217.437500
2623    -421218.250000
2624    -421219.062500
2625    -421219.812500
2626    -421220.625000
2627    -421221.468750
2628    -421222.250000
2629    -421223.125000
2630    -421223.937500
2631    -421224.687500
2632    -421225.500000
2633    -421226.312500
2634    -421227.156250
2635    -421227.968750
2636    -421228.750000
2637    -421229.562500
2638    -421230.375000
2639    -421231.187500
2640    -421232.000000
2641    -421232.812500
2642    -421233.625000
2643    -421234.437500
2644    -421235.250000
2645    -421236.062500
2646    -421236.843750
2647    -421237.625000
2648    -421238.468750
2649    -421239.250000
2650    -421240.062500
2651    -421240.875000
2652    -421241.625000
2653    -421242.437500
2654    -421243.250000
2655    -421244.000000
2656    -421244.812500
2657    -421245.625000
2658    -421246.437500
2659    -421247.187500
2660    -421248.000000
2661    -421248.812500
2662    -421249.593750
2663    -421250.375000
2664    -421251.187500
2665    -421251.937500
2666    -421252.750000
2667    -421253.562500
2668    -421254.343750
2669    -421255.125000
2670    -421255.937500
2671    -421256.718750
2672    -421257.500000
2673    -421258.281250
2674    -421259.062500
2675    -421259.875000
2676    -421260.656250
2677    -421261.468750
2678    -421262.218750
2679    -421263.000000
2680    -421263.812500
2681    -421264.625000
2682    -421265.375000
2683    -421266.187500
2684    -421266.968750
2685    -421267.781250
2686    -421268.562500
2687    -421269.375000
2688    -421270.187500
2689    -421270.968750
2690    -421271.781250
2691    -421272.562500
2692    -421273.375000
2693    -421274.156250
2694    -421275.000000
2695    -421275.781250
2696    -421276.593750
2697    -421277.375000
2698    -421278.156250
2699    -421279.000000
2700    -421279.781250
2701    -421280.593750
2702    -421281.375000
2703    -421282.218750
2704    -421283.000000
2705    -421283.812500
2706    -421284.625000
2707    -421285.437500
2708    -421286.250000
2709    -421287.000000
2710    -421287.812500
2711    -421288.625000
2712    -421289.375000
2713    -421290.218750
2714    -421291.000000
2715    -421291.812500
2716    -421292.625000
2717    -421293.437500
2718    -421294.250000
2719    -421295.062500
2720    -421295.875000
2721    -421296.656250
2722    -421297.468750
2723    -421298.281250
2724    -421299.125000
2725    -421299.937500
2726    -421300.750000
2727    -421301.562500
2728    -421302.375000
2729    -421303.187500
2730    -421304.062500
2731    -421304.875000
2732    -421305.687500
2733    -421306.531250
2734    -421307.312500
2735    -421308.187500
2736    -421309.000000
2737    -421309.875000
2738    -421310.656250
2739    -421311.500000
2740    -421312.312500
2741    -421313.156250
2742    -421314.000000
2743    -421314.843750
2744    -421315.625000
2745    -421316.468750
2746    -421317.312500
2747    -421318.156250
2748    -421319.000000
2749    -421319.812500
2750    -421320.656250
2751    -421321.468750
2752    -421322.312500
2753    -421323.187500
2754    -421323.968750
2755    -421324.843750
2756    -421325.687500
2757    -421326.531250
2758    -421327.312500
2759    -421328.156250
2760    -421329.031250
2761    -421329.875000
2762    -421330.687500
2763    -421331.562500
2764    -421332.406250
2765    -421333.250000
2766    -421334.125000
2767    -421334.968750
2768    -421335.812500
2769    -421336.656250
2770    -421337.500000
2771    -421338.375000
2772    -421339.250000
2773    -421340.093750
2774    -421340.968750
2775    -421341.812500
2776    -421342.656250
2777    -421343.531250
2778    -421344.375000
2779    -421345.250000
2780    -421346.093750
2781    -421347.000000
2782    -421347.812500
2783    -421348.687500
2784    -421349.562500
2785    -421350.406250
2786    -421351.312500
2787    -421352.125000
2788    -421353.000000
2789    -421353.906250
2790    -421354.750000
2791    -421355.656250
2792    -421356.500000
2793    -421357.375000
2794    -421358.250000
2795    -421359.125000
2796    -421359.937500
2797    -421360.812500
2798    -421361.687500
2799    -421362.531250
2800    -421363.375000
2801    -421364.218750
2802    -421365.093750
2803    -421365.906250
2804    -421366.781250
2805    -421367.625000
2806    -421368.468750
2807    -421369.312500
2808    -421370.125000
2809    -421371.000000
2810    -421371.843750
2811    -421372.687500
2812    -421373.562500
2813    -421374.375000
2814    -421375.250000
2815    -421376.093750
2816    -421376.968750
2817    -421377.812500
2818    -421378.656250
2819    -421379.500000
2820    -421380.343750
2821    -421381.187500
2822    -421382.062500
2823    -421382.937500
2824    -421383.750000
2825    -421384.625000
2826    -421385.468750
2827    -421386.312500
2828    -421387.156250
2829    -421388.062500
2830    -421388.875000
2831    -421389.718750
2832    -421390.562500
2833    -421391.406250
2834    -421392.250000
2835    -421393.125000
2836    -421394.000000
2837    -421394.812500
2838    -421395.687500
2839    -421396.531250
2840    -421397.375000
2841    -421398.187500
2842    -421399.062500
2843    -421399.906250
2844    -421400.750000
2845    -421401.625000
2846    -421402.468750
2847    -421403.281250
2848    -421404.125000
2849    -421405.000000
2850    -421405.812500
2851    -421406.625000
2852    -421407.500000
2853    -421408.375000
2854    -421409.187500
2855    -421410.031250
2856    -421410.875000
2857    -421411.718750
2858    -421412.562500
2859    -421413.406250
2860    -421414.250000
2861    -421415.093750
2862    -421415.937500
2863    -421416.750000
2864    -421417.593750
2865    -421418.437500
2866    -421419.312500
2867    -421420.125000
2868    -421420.937500
2869    -421421.781250
2870    -421422.625000
2871    -421423.437500
2872    -421424.281250
2873    -421425.125000
2874    -421425.968750
2875    -421426.812500
2876    -421427.656250
2877    -421428.500000
2878    -421429.312500
2879    -421430.187500
2880    -421431.000000
2881    -421431.812500
2882    -421432.687500
2883    -421433.531250
2884    -421434.375000
2885    -421435.187500
2886    -421436.031250
2887    -421436.875000
2888    -421437.750000
2889    -421438.562500
2890    -421439.406250
2891    -421440.250000
2892    -421441.093750
2893    -421441.937500
2894    -421442.750000
2895    -421443.593750
2896    -421444.468750
2897    -421445.281250
2898    -421446.125000
2899    -421446.937500
2900    -421447.781250
2901    -421448.656250
2902    -421449.500000
2903    -421450.312500
2904    -421451.125000
2905    -421451.968750
2906    -421452.812500
2907    -421453.625000
2908    -421454.468750
2909    -421455.281250
2910    -421456.125000
2911    -421457.000000
2912    -421457.781250
2913    -421458.625000
2914    -421459.437500
2915    -421460.312500
2916    -421461.125000
2917    -421461.968750
2918    -421462.750000
2919    -421463.625000
2920    -421464.437500
2921    -421465.250000
2922    -421466.125000
2923    -421466.937500
2924    -421467.750000
2925    -421468.593750
2926    -421469.437500
2927    -421470.281250
2928    -421471.093750
2929    -421471.906250
2930    -421472.718750
2931    -421473.562500
2932    -421474.437500
2933    -421475.250000
2934    -421476.062500
2935    -421476.875000
2936    -421477.718750
2937    -421478.562500
2938    -421479.375000
2939    -421480.187500
2940    -421481.031250
2941    -421481.843750
2942    -421482.687500
2943    -421483.500000
2944    -421484.312500
2945    -421485.156250
2946    -421485.968750
2947    -421486.781250
2948    -421487.562500
2949    -421488.437500
2950    -421489.250000
2951    -421490.062500
2952    -421490.875000
2953    -421491.687500
2954    -421492.500000
2955    -421493.312500
2956    -421494.125000
2957    -421494.937500
2958    -421495.750000
2959    -421496.562500
2960    -421497.312500
2961    -421498.187500
2962    -421498.937500
2963    -421499.812500
2964    -421500.593750
2965    -421501.375000
2966    -421502.156250
2967    -421502.968750
2968    -421503.750000
2969    -421504.562500
2970    -421505.343750
2971    -421506.156250
2972    -421506.937500
2973    -421507.718750
2974    -421508.500000
2975    -421509.312500
2976    -421510.093750
2977    -421510.875000
2978    -421511.625000
2979    -421512.437500
2980    -421513.187500
2981    -421513.937500
2982    -421514.750000
2983    -421515.500000
2984    -421516.250000
2985    -421517.000000
2986    -421517.812500
2987    -421518.531250
2988    -421519.312500
2989    -421520.062500
2990    -421520.812500
2991    -421521.562500
2992    -421522.343750
2993    -421523.062500
2994    -421523.843750
2995    -421524.562500
2996    -421525.312500
2997    -421526.031250
2998    -421526.781250
2999    -421527.468750
3000    -421528.187500
3001    -421528.937500
3002    -421529.625000
3003    -421530.375000
3004    -421531.000000
3005    -421531.750000
3006    -421532.437500
3007    -421533.187500
3008    -421533.875000
3009    -421534.562500
3010    -421535.250000
3011    -421535.937500
3012    -421536.625000
3013    -421537.312500
3014    -421538.000000
3015    -421538.687500
3016    -421539.375000
3017    -421540.062500
3018    -421540.718750
3019    -421541.406250
3020    -421542.093750
3021    -421542.750000
3022    -421543.437500
3023    -421544.093750
3024    -421544.812500
3025    -421545.437500
3026    -421546.093750
3027    -421546.781250
3028    -421547.437500
3029    -421548.125000
3030    -421548.812500
3031    -421549.437500
3032    -421550.093750
3033    -421550.750000
3034    -421551.406250
3035    -421552.062500
3036    -421552.718750
3037    -421553.375000
3038    -421554.031250
3039    -421554.687500
3040    -421555.312500
3041    -421555.968750
3042    -421556.625000
3043    -421557.250000
3044    -421557.937500
3045    -421558.562500
3046    -421559.187500
3047    -421559.812500
3048    -421560.500000
3049    -421561.125000
3050    -421561.750000
3051    -421562.375000
3052    -421563.031250
3053    -421563.625000
3054    -421564.250000
3055    -421564.875000
3056    -421565.500000
3057    -421566.093750
3058    -421566.718750
3059    -421567.312500
3060    -421567.906250
3061    -421568.500000
3062    -421569.125000
3063    -421569.718750
3064    -421570.312500
3065    -421570.937500
3066    -421571.500000
3067    -421572.125000
3068    -421572.718750
3069    -421573.312500
3070    -421573.937500
3071    -421574.500000
3072    -421575.093750
3073    -421575.718750
3074    -421576.281250
3075    -421576.875000
3076    -421577.500000
3077    -421578.031250
3078    -421578.656250
3079    -421579.250000
3080    -421579.812500
3081    -421580.406250
3082    -421580.937500
3083    -421581.500000
3084    -421582.093750
3085    -421582.625000
3086    -421583.187500
3087    -421583.718750
3088    -421584.281250
3089    -421584.843750
3090    -421585.375000
3091    -421585.937500
3092    -421586.437500
3093    -421587.000000
3094    -421587.562500
3095    -421588.062500
3096    -421588.656250
3097    -421589.187500
3098    -421589.687500
3099    -421590.250000
3100    -421590.781250
3101    -421591.312500
3102    -421591.843750
3103    -421592.375000
3104    -421592.937500
3105    -421593.437500
3106    -421594.000000
3107    -421594.531250
3108    -421595.031250
3109    -421595.593750
3110    -421596.093750
3111    -421596.625000
3112    -421597.125000
3113    -421597.687500
3114    -421598.187500
3115    -421598.718750
3116    -421599.250000
3117    -421599.781250
3118    -421600.312500
3119    -421600.750000
3120    -421601.312500
3121    -421601.812500
3122    -421602.375000
3123    -421602.843750
3124    -421603.375000
3125    -421603.875000
3126    -421604.375000
3127    -421604.875000
3128    -421605.406250
3129    -421605.906250
3130    -421606.375000
3131    -421606.906250
3132    -421607.437500
3133    -421607.937500
3134    -421608.375000
3135    -421608.875000
3136    -421609.375000
3137    -421609.812500
3138    -421610.312500
3139    -421610.781250
3140    -421611.250000
3141    -421611.718750
3142    -421612.187500
3143    -421612.656250
3144    -421613.125000
3145    -421613.593750
3146    -421614.062500
3147    -421614.500000
3148    -421615.000000
3149    -421615.437500
3150    -421615.875000
3151    -421616.375000
3152    -421616.781250
3153    -421617.250000
3154    -421617.687500
3155    -421618.125000
3156    -421618.593750
3157    -421619.031250
3158    -421619.500000
3159    -421619.937500
3160    -421620.375000
3161    -421620.812500
3162    -421621.250000
3163    -421621.718750
3164    -421622.125000
3165    -421622.593750
3166    -421623.031250
3167    -421623.500000
3168    -421623.937500
3169    -421624.343750
3170    -421624.812500
3171    -421625.218750
3172    -421625.625000
3173    -421626.062500
3174    -421626.531250
3175    -421626.968750
3176    -421627.375000
3177    -421627.843750
3178    -421628.250000
3179    -421628.687500
3180    -421629.125000
3181    -421629.562500
3182    -421630.000000
3183    -421630.437500
3184    -421630.843750
3185    -421631.281250
3186    -421631.687500
3187    -421632.125000
3188    -421632.562500
3189    -421632.968750
3190    -421633.375000
3191    -421633.781250
3192    -421634.187500
3193    -421634.593750
3194    -421635.000000
3195    -421635.406250
3196    -421635.812500
3197    -421636.187500
3198    -421636.625000
3199    -421637.000000
3200    -421637.406250
3201    -421637.812500
3202    -421638.218750
3203    -421638.625000
3204    -421639.031250
3205    -421639.437500
3206    -421639.812500
3207    -421640.218750
3208    -421640.625000
3209    -421641.031250
3210    -421641.437500
3211    -421641.812500
3212    -421642.250000
3213    -421642.625000
3214    -421643.000000
3215    -421643.437500
3216    -421643.812500
3217    -421644.218750
3218    -421644.625000
3219    -421645.000000
3220    -421645.406250
3221    -421645.812500
3222    -421646.187500
3223    -421646.562500
3224    -421646.968750
3225    -421647.375000
3226    -421647.781250
3227    -421648.156250
3228    -421648.593750
3229    -421648.937500
3230    -421649.343750
3231    -421649.750000
3232    -421650.156250
3233    -421650.531250
3234    -421650.937500
3235    -421651.343750
3236    -421651.718750
3237    -421652.156250
3238    -421652.562500
3239    -421652.937500
3240    -421653.343750
3241    -421653.750000
3242    -421654.125000
3243    -421654.562500
3244    -421654.937500
3245    -421655.343750
3246    -421655.750000
3247    -421656.156250
3248    -421656.500000
3249    -421656.906250
3250    -421657.312500
3251    -421657.718750
3252    -421658.125000
3253    -421658.562500
3254    -421658.937500
3255    -421659.375000
3256    -421659.781250
3257    -421660.156250
3258    -421660.562500
3259    -421661.000000
3260    -421661.375000
3261    -421661.812500
3262    -421662.218750
3263    -421662.625000
3264    -421663.031250
3265    -421663.437500
3266    -421663.812500
3267    -421664.250000
3268    -421664.656250
3269    -421665.062500
3270    -421665.468750
3271    -421665.875000
3272    -421666.281250
