Step            Loss
--------------------
1        -143.840179
2        -202.067520
3        -260.291321
4        -318.511719
5        -376.728027
6        -434.940399
7        -493.149170
8        -551.354492
9        -609.556335
10       -667.755493
11       -725.951965
12       -784.146484
13       -842.339783
14       -900.532715
15       -958.726074
16      -1016.921509
17      -1075.119873
18      -1133.322266
19      -1191.530640
20      -1249.746216
21      -1307.970337
22      -1366.204712
23      -1424.450806
24      -1482.710449
25      -1540.985352
26      -1599.277344
27      -1657.587891
28      -1715.919189
29      -1774.273438
30      -1832.652100
31      -1891.057373
32      -1949.491333
33      -2007.956055
34      -2066.453613
35      -2124.985840
36      -2183.555420
37      -2242.163574
38      -2300.813477
39      -2359.506592
40      -2418.245117
41      -2477.031250
42      -2535.867188
43      -2594.754639
44      -2653.696289
45      -2712.693359
46      -2771.748291
47      -2830.863281
48      -2890.040283
49      -2949.280762
50      -3008.587402
51      -3067.961426
52      -3127.404785
53      -3186.919434
54      -3246.507324
55      -3306.169678
56      -3365.908691
57      -3425.726074
58      -3485.623047
59      -3545.601562
60      -3605.662598
61      -3665.809082
62      -3726.040283
63      -3786.358887
64      -3846.766846
65      -3907.264160
66      -3967.853027
67      -4028.534668
68      -4089.310303
69      -4150.180176
70      -4211.146484
71      -4272.208984
72      -4333.371094
73      -4394.630859
74      -4455.991699
75      -4517.453125
76      -4579.016602
77      -4640.683105
78      -4702.453125
79      -4764.327148
80      -4826.305664
81      -4888.390625
82      -4950.581543
83      -5012.879883
84      -5075.284668
85      -5137.798340
86      -5200.419922
87      -5263.150391
88      -5325.990723
89      -5388.939941
90      -5451.999512
91      -5515.169434
92      -5578.449219
93      -5641.840332
94      -5705.341797
95      -5768.954102
96      -5832.678223
97      -5896.512695
98      -5960.458984
99      -6024.515625
100     -6088.684082
101     -6152.962891
102     -6217.352539
103     -6281.852539
104     -6346.463867
105     -6411.184570
106     -6476.014648
107     -6540.955078
108     -6606.003906
109     -6671.162109
110     -6736.428223
111     -6801.801758
112     -6867.283203
113     -6932.871094
114     -6998.565430
115     -7064.364746
116     -7130.269043
117     -7196.277344
118     -7262.389160
119     -7328.603516
120     -7394.919922
121     -7461.337402
122     -7527.854492
123     -7594.471191
124     -7661.185547
125     -7727.997070
126     -7794.901367
127     -7861.898438
128     -7928.989746
129     -7996.173828
130     -8063.450195
131     -8130.816406
132     -8198.271484
133     -8265.816406
134     -8333.447266
135     -8401.164062
136     -8468.964844
137     -8536.847656
138     -8604.813477
139     -8672.859375
140     -8740.984375
141     -8809.185547
142     -8877.462891
143     -8945.814453
144     -9014.238281
145     -9082.734375
146     -9151.298828
147     -9219.931641
148     -9288.632812
149     -9357.396484
150     -9426.224609
151     -9495.112305
152     -9564.060547
153     -9633.068359
154     -9702.130859
155     -9771.249023
156     -9840.417969
157     -9909.639648
158     -9978.910156
159     -10048.228516
160     -10117.591797
161     -10186.999023
162     -10256.448242
163     -10325.937500
164     -10395.464844
165     -10465.029297
166     -10534.626953
167     -10604.257812
168     -10673.919922
169     -10743.609375
170     -10813.326172
171     -10883.067383
172     -10952.832031
173     -11022.618164
174     -11092.423828
175     -11162.245117
176     -11232.082031
177     -11301.931641
178     -11371.792969
179     -11441.663086
180     -11511.541016
181     -11581.423828
182     -11651.310547
183     -11721.197266
184     -11791.083984
185     -11860.968750
186     -11930.847656
187     -12000.720703
188     -12070.584961
189     -12140.439453
190     -12210.280273
191     -12280.107422
192     -12349.916016
193     -12419.708984
194     -12489.480469
195     -12559.228516
196     -12628.953125
197     -12698.651367
198     -12768.321289
199     -12837.960938
200     -12907.568359
201     -12977.141602
202     -13046.678711
203     -13116.178711
204     -13185.638672
205     -13255.054688
206     -13324.429688
207     -13393.757812
208     -13463.040039
209     -13532.271484
210     -13601.451172
211     -13670.579102
212     -13739.651367
213     -13808.666992
214     -13877.625000
215     -13946.521484
216     -14015.355469
217     -14084.125977
218     -14152.831055
219     -14221.467773
220     -14290.036133
221     -14358.533203
222     -14426.956055
223     -14495.305664
224     -14563.578125
225     -14631.773438
226     -14699.888672
227     -14767.922852
228     -14835.875000
229     -14903.741211
230     -14971.521484
231     -15039.212891
232     -15106.815430
233     -15174.328125
234     -15241.746094
235     -15309.070312
236     -15376.300781
237     -15443.418945
238     -15510.406250
239     -15577.285156
240     -15644.052734
241     -15710.716797
242     -15777.276367
243     -15843.729492
244     -15910.075195
245     -15976.308594
246     -16042.429688
247     -16108.439453
248     -16174.335938
249     -16240.076172
250     -16305.690430
251     -16371.188477
252     -16436.566406
253     -16501.826172
254     -16566.964844
255     -16631.982422
256     -16696.876953
257     -16761.623047
258     -16826.238281
259     -16890.728516
260     -16955.089844
261     -17019.320312
262     -17083.421875
263     -17147.392578
264     -17211.230469
265     -17274.933594
266     -17338.501953
267     -17401.937500
268     -17465.232422
269     -17528.392578
270     -17591.414062
271     -17654.292969
272     -17717.035156
273     -17779.634766
274     -17842.089844
275     -17904.402344
276     -17966.562500
277     -18028.525391
278     -18090.302734
279     -18151.908203
280     -18213.365234
281     -18274.673828
282     -18335.835938
283     -18396.816406
284     -18457.599609
285     -18518.169922
286     -18578.589844
287     -18638.847656
288     -18698.945312
289     -18758.890625
290     -18818.675781
291     -18878.310547
292     -18937.789062
293     -18997.070312
294     -19056.175781
295     -19115.126953
296     -19173.917969
297     -19232.550781
298     -19291.027344
299     -19349.339844
300     -19407.492188
301     -19465.476562
302     -19523.218750
303     -19580.677734
304     -19637.935547
305     -19694.984375
306     -19751.865234
307     -19808.582031
308     -19865.140625
309     -19921.531250
310     -19977.746094
311     -20033.789062
312     -20089.662109
313     -20145.355469
314     -20200.865234
315     -20256.169922
316     -20311.308594
317     -20366.265625
318     -20421.035156
319     -20475.623047
320     -20530.042969
321     -20584.296875
322     -20638.382812
323     -20692.289062
324     -20746.007812
325     -20799.527344
326     -20852.880859
327     -20906.066406
328     -20959.060547
329     -21011.820312
330     -21064.394531
331     -21116.789062
332     -21169.017578
333     -21221.039062
334     -21272.835938
335     -21324.468750
336     -21375.933594
337     -21427.160156
338     -21478.166016
339     -21529.005859
340     -21579.679688
341     -21630.187500
342     -21680.492188
343     -21730.578125
344     -21780.449219
345     -21830.078125
346     -21879.542969
347     -21928.810547
348     -21977.892578
349     -22026.812500
350     -22075.566406
351     -22124.132812
352     -22172.460938
353     -22220.570312
354     -22268.500000
355     -22316.210938
356     -22363.759766
357     -22411.041016
358     -22458.117188
359     -22504.976562
360     -22551.617188
361     -22597.970703
362     -22644.142578
363     -22690.142578
364     -22735.960938
365     -22781.613281
366     -22827.027344
367     -22872.267578
368     -22917.316406
369     -22962.134766
370     -23006.710938
371     -23051.103516
372     -23095.289062
373     -23139.240234
374     -23182.978516
375     -23226.414062
376     -23269.613281
377     -23312.625000
378     -23355.453125
379     -23398.062500
380     -23440.488281
381     -23482.722656
382     -23524.750000
383     -23566.527344
384     -23608.109375
385     -23649.484375
386     -23690.625000
387     -23731.566406
388     -23772.359375
389     -23812.925781
390     -23853.289062
391     -23893.439453
392     -23933.371094
393     -23973.154297
394     -24012.791016
395     -24052.269531
396     -24091.576172
397     -24130.644531
398     -24169.523438
399     -24208.250000
400     -24246.777344
401     -24285.056641
402     -24323.128906
403     -24360.992188
404     -24398.646484
405     -24436.068359
406     -24473.156250
407     -24510.011719
408     -24546.634766
409     -24583.121094
410     -24619.425781
411     -24655.558594
412     -24691.513672
413     -24727.289062
414     -24762.914062
415     -24798.355469
416     -24833.568359
417     -24868.580078
418     -24903.343750
419     -24937.958984
420     -24972.339844
421     -25006.570312
422     -25040.550781
423     -25074.328125
424     -25107.867188
425     -25141.212891
426     -25174.396484
427     -25207.343750
428     -25240.130859
429     -25272.785156
430     -25305.312500
431     -25337.660156
432     -25369.705078
433     -25401.535156
434     -25433.125000
435     -25464.560547
436     -25495.818359
437     -25526.929688
438     -25557.787109
439     -25588.492188
440     -25618.988281
441     -25649.289062
442     -25679.458984
443     -25709.402344
444     -25739.091797
445     -25768.589844
446     -25797.824219
447     -25826.873047
448     -25855.681641
449     -25884.298828
450     -25912.734375
451     -25941.029297
452     -25969.160156
453     -25997.101562
454     -26024.880859
455     -26052.410156
456     -26079.773438
457     -26106.949219
458     -26133.912109
459     -26160.671875
460     -26187.246094
461     -26213.716797
462     -26240.093750
463     -26266.373047
464     -26292.550781
465     -26318.554688
466     -26344.359375
467     -26370.007812
468     -26395.509766
469     -26420.832031
470     -26445.919922
471     -26470.804688
472     -26495.503906
473     -26519.921875
474     -26544.039062
475     -26568.007812
476     -26591.796875
477     -26615.398438
478     -26638.826172
479     -26662.144531
480     -26685.304688
481     -26708.357422
482     -26731.269531
483     -26754.005859
484     -26776.640625
485     -26799.126953
486     -26821.460938
487     -26843.691406
488     -26865.808594
489     -26887.789062
490     -26909.625000
491     -26931.222656
492     -26952.714844
493     -26974.015625
494     -26995.083984
495     -27015.982422
496     -27036.714844
497     -27057.281250
498     -27077.621094
499     -27097.875000
500     -27117.986328
501     -27138.013672
502     -27157.968750
503     -27177.800781
504     -27197.423828
505     -27216.894531
506     -27236.234375
507     -27255.433594
508     -27274.460938
509     -27293.398438
510     -27312.210938
511     -27330.826172
512     -27349.210938
513     -27367.351562
514     -27385.394531
515     -27403.369141
516     -27421.246094
517     -27438.966797
518     -27456.574219
519     -27473.968750
520     -27491.212891
521     -27508.355469
522     -27525.439453
523     -27542.453125
524     -27559.326172
525     -27576.097656
526     -27592.720703
527     -27609.218750
528     -27625.619141
529     -27641.892578
530     -27658.060547
531     -27674.093750
532     -27690.021484
533     -27705.833984
534     -27721.593750
535     -27737.263672
536     -27752.812500
537     -27768.240234
538     -27783.511719
539     -27798.583984
540     -27813.515625
541     -27828.218750
542     -27842.818359
543     -27857.367188
544     -27871.871094
545     -27886.240234
546     -27900.523438
547     -27914.744141
548     -27928.875000
549     -27942.894531
550     -27956.824219
551     -27970.708984
552     -27984.535156
553     -27998.201172
554     -28011.728516
555     -28025.101562
556     -28038.335938
557     -28051.486328
558     -28064.550781
559     -28077.457031
560     -28090.273438
561     -28103.000000
562     -28115.625000
563     -28128.164062
564     -28140.626953
565     -28152.990234
566     -28165.175781
567     -28177.263672
568     -28189.273438
569     -28201.212891
570     -28213.048828
571     -28224.681641
572     -28236.230469
573     -28247.669922
574     -28259.007812
575     -28270.300781
576     -28281.529297
577     -28292.695312
578     -28303.738281
579     -28314.720703
580     -28325.611328
581     -28336.343750
582     -28346.925781
583     -28357.410156
584     -28367.824219
585     -28378.048828
586     -28388.134766
587     -28398.140625
588     -28408.085938
589     -28417.941406
590     -28427.667969
591     -28437.275391
592     -28446.796875
593     -28456.248047
594     -28465.664062
595     -28475.039062
596     -28484.373047
597     -28493.675781
598     -28502.949219
599     -28512.169922
600     -28521.230469
601     -28530.197266
602     -28539.080078
603     -28547.863281
604     -28556.562500
605     -28565.177734
606     -28573.736328
607     -28582.269531
608     -28590.750000
609     -28599.156250
610     -28607.453125
611     -28615.662109
612     -28623.806641
613     -28631.802734
614     -28639.699219
615     -28647.521484
616     -28655.271484
617     -28662.968750
618     -28670.568359
619     -28678.119141
620     -28685.634766
621     -28693.066406
622     -28700.439453
623     -28707.787109
624     -28715.082031
625     -28722.265625
626     -28729.376953
627     -28736.468750
628     -28743.541016
629     -28750.576172
630     -28757.550781
631     -28764.460938
632     -28771.347656
633     -28778.207031
634     -28785.019531
635     -28791.800781
636     -28798.535156
637     -28805.189453
638     -28811.767578
639     -28818.261719
640     -28824.738281
641     -28831.175781
642     -28837.546875
643     -28843.859375
644     -28850.126953
645     -28856.359375
646     -28862.546875
647     -28868.660156
648     -28874.703125
649     -28880.710938
650     -28886.691406
651     -28892.640625
652     -28898.554688
653     -28904.453125
654     -28910.312500
655     -28916.089844
656     -28921.808594
657     -28927.468750
658     -28933.039062
659     -28938.544922
660     -28943.986328
661     -28949.359375
662     -28954.656250
663     -28959.917969
664     -28965.136719
665     -28970.296875
666     -28975.396484
667     -28980.447266
668     -28985.476562
669     -28990.445312
670     -28995.369141
671     -29000.277344
672     -29005.156250
673     -29009.988281
674     -29014.730469
675     -29019.382812
676     -29023.982422
677     -29028.521484
678     -29033.009766
679     -29037.486328
680     -29041.949219
681     -29046.394531
682     -29050.818359
683     -29055.224609
684     -29059.609375
685     -29063.968750
686     -29068.306641
687     -29072.617188
688     -29076.902344
689     -29081.109375
690     -29085.250000
691     -29089.353516
692     -29093.419922
693     -29097.410156
694     -29101.371094
695     -29105.308594
696     -29109.222656
697     -29113.113281
698     -29116.982422
699     -29120.835938
700     -29124.679688
701     -29128.507812
702     -29132.324219
703     -29136.109375
704     -29139.865234
705     -29143.591797
706     -29147.294922
707     -29150.984375
708     -29154.664062
709     -29158.300781
710     -29161.873047
711     -29165.414062
712     -29168.921875
713     -29172.392578
714     -29175.849609
715     -29179.214844
716     -29182.546875
717     -29185.871094
718     -29189.181641
719     -29192.476562
720     -29195.730469
721     -29198.972656
722     -29202.187500
723     -29205.390625
724     -29208.574219
725     -29211.716797
726     -29214.828125
727     -29217.914062
728     -29220.976562
729     -29224.007812
730     -29227.023438
731     -29230.027344
732     -29233.009766
733     -29235.982422
734     -29238.921875
735     -29241.847656
736     -29244.736328
737     -29247.605469
738     -29250.412109
739     -29253.207031
740     -29255.990234
741     -29258.750000
742     -29261.480469
743     -29264.183594
744     -29266.865234
745     -29269.498047
746     -29272.050781
747     -29274.589844
748     -29277.115234
749     -29279.626953
750     -29282.125000
751     -29284.609375
752     -29287.066406
753     -29289.515625
754     -29291.955078
755     -29294.376953
756     -29296.785156
757     -29299.175781
758     -29301.554688
759     -29303.925781
760     -29306.281250
761     -29308.617188
762     -29310.941406
763     -29313.253906
764     -29315.554688
765     -29317.849609
766     -29320.126953
767     -29322.394531
768     -29324.640625
769     -29326.873047
770     -29329.093750
771     -29331.302734
772     -29333.503906
773     -29335.697266
774     -29337.878906
775     -29340.011719
776     -29342.125000
777     -29344.214844
778     -29346.291016
779     -29348.359375
780     -29350.421875
781     -29352.460938
782     -29354.480469
783     -29356.460938
784     -29358.429688
785     -29360.394531
786     -29362.347656
787     -29364.285156
788     -29366.214844
789     -29368.136719
790     -29370.023438
791     -29371.894531
792     -29373.761719
793     -29375.625000
794     -29377.464844
795     -29379.300781
796     -29381.126953
797     -29382.949219
798     -29384.744141
799     -29386.519531
800     -29388.281250
801     -29390.027344
802     -29391.767578
803     -29393.496094
804     -29395.208984
805     -29396.912109
806     -29398.607422
807     -29400.267578
808     -29401.906250
809     -29403.537109
810     -29405.162109
