Step            Loss
--------------------
1         463.733154
2        -355.080078
3       -1173.741211
4       -1992.279785
5       -2810.694092
6       -3628.991699
7       -4447.190918
8       -5265.296875
9       -6083.331055
10      -6901.306152
11      -7719.245605
12      -8537.173828
13      -9355.097656
14      -10173.056641
15      -10991.067383
16      -11809.155273
17      -12627.341797
18      -13445.666016
19      -14264.140625
20      -15082.801758
21      -15901.676758
22      -16720.792969
23      -17540.175781
24      -18359.867188
25      -19179.892578
26      -20000.281250
27      -20821.064453
28      -21642.279297
29      -22463.953125
30      -23286.126953
31      -24108.826172
32      -24932.087891
33      -25755.949219
34      -26580.433594
35      -27405.593750
36      -28231.443359
37      -29058.033203
38      -29885.390625
39      -30713.548828
40      -31542.544922
41      -32372.412109
42      -33203.179688
43      -34034.882812
44      -34867.554688
45      -35701.226562
46      -36535.933594
47      -37371.691406
48      -38208.554688
49      -39046.539062
50      -39885.671875
51      -40725.976562
52      -41567.496094
53      -42410.250000
54      -43254.265625
55      -44099.562500
56      -44946.179688
57      -45794.128906
58      -46643.437500
59      -47494.125000
60      -48346.222656
61      -49199.742188
62      -50054.714844
63      -50911.152344
64      -51769.074219
65      -52628.507812
66      -53489.460938
67      -54351.957031
68      -55216.007812
69      -56081.640625
70      -56948.859375
71      -57817.683594
72      -58688.132812
73      -59560.203125
74      -60433.929688
75      -61309.312500
76      -62186.363281
77      -63065.101562
78      -63945.527344
79      -64827.656250
80      -65711.500000
81      -66597.062500
82      -67484.351562
83      -68373.375000
84      -69264.140625
85      -70156.656250
86      -71050.921875
87      -71946.953125
88      -72844.734375
89      -73744.296875
90      -74645.617188
91      -75548.710938
92      -76453.578125
93      -77360.218750
94      -78268.640625
95      -79178.843750
96      -80090.804688
97      -81004.554688
98      -81920.078125
99      -82837.359375
100     -83756.421875
101     -84677.234375
102     -85599.820312
103     -86524.156250
104     -87450.257812
105     -88378.093750
106     -89307.687500
107     -90239.000000
108     -91172.039062
109     -92106.804688
110     -93043.289062
111     -93981.468750
112     -94921.343750
113     -95862.921875
114     -96806.164062
115     -97751.078125
116     -98697.640625
117     -99645.859375
118     -100595.703125
119     -101547.179688
120     -102500.257812
121     -103454.937500
122     -104411.195312
123     -105369.039062
124     -106328.406250
125     -107289.343750
126     -108251.796875
127     -109215.765625
128     -110181.218750
129     -111148.156250
130     -112116.562500
131     -113086.398438
132     -114057.671875
133     -115030.359375
134     -116004.437500
135     -116979.882812
136     -117956.695312
137     -118934.843750
138     -119914.312500
139     -120895.054688
140     -121877.093750
141     -122860.390625
142     -123844.921875
143     -124830.656250
144     -125817.601562
145     -126805.703125
146     -127794.976562
147     -128785.359375
148     -129776.859375
149     -130769.437500
150     -131763.078125
151     -132757.750000
152     -133753.437500
153     -134750.125000
154     -135747.750000
155     -136746.359375
156     -137745.843750
157     -138746.250000
158     -139747.500000
159     -140749.609375
160     -141752.531250
161     -142756.234375
162     -143760.671875
163     -144765.843750
164     -145771.718750
165     -146778.281250
166     -147785.500000
167     -148793.328125
168     -149801.750000
169     -150810.750000
170     -151820.281250
171     -152830.359375
172     -153840.921875
173     -154851.968750
174     -155863.359375
175     -156875.140625
176     -157887.312500
177     -158899.750000
178     -159912.468750
179     -160925.500000
180     -161938.796875
181     -162952.343750
182     -163966.093750
183     -164980.031250
184     -165994.062500
185     -167008.250000
186     -168022.531250
187     -169036.859375
188     -170051.250000
189     -171065.625000
190     -172079.968750
191     -173094.250000
192     -174108.468750
193     -175122.578125
194     -176136.437500
195     -177150.187500
196     -178163.703125
197     -179177.000000
198     -180189.781250
199     -181202.281250
200     -182214.468750
201     -183226.234375
202     -184237.625000
203     -185248.531250
204     -186258.937500
205     -187268.937500
206     -188278.437500
207     -189287.421875
208     -190295.890625
209     -191303.796875
210     -192311.125000
211     -193317.812500
212     -194323.828125
213     -195329.000000
214     -196333.468750
215     -197337.093750
216     -198339.906250
217     -199341.875000
218     -200343.062500
219     -201343.312500
220     -202342.671875
221     -203341.093750
222     -204338.562500
223     -205335.031250
224     -206330.500000
225     -207324.906250
226     -208318.218750
227     -209310.468750
228     -210301.656250
229     -211291.625000
230     -212280.406250
231     -213268.031250
232     -214254.187500
233     -215239.109375
234     -216222.718750
235     -217205.093750
236     -218186.062500
237     -219165.656250
238     -220143.937500
239     -221120.625000
240     -222095.859375
241     -223069.625000
242     -224041.875000
243     -225012.437500
244     -225981.484375
245     -226948.921875
246     -227914.656250
247     -228878.500000
248     -229840.640625
249     -230801.031250
250     -231759.750000
251     -232716.781250
252     -233672.000000
253     -234625.468750
254     -235577.187500
255     -236527.031250
256     -237475.109375
257     -238421.375000
258     -239365.687500
259     -240308.140625
260     -241248.750000
261     -242187.500000
262     -243124.312500
263     -244059.234375
264     -244992.343750
265     -245923.593750
266     -246852.890625
267     -247780.078125
268     -248705.359375
269     -249628.562500
270     -250549.656250
271     -251468.578125
272     -252385.312500
273     -253299.843750
274     -254212.281250
275     -255122.312500
276     -256030.078125
277     -256935.703125
278     -257839.093750
279     -258740.234375
280     -259639.187500
281     -260535.968750
282     -261430.468750
283     -262322.781250
284     -263212.875000
285     -264100.437500
286     -264985.718750
287     -265868.812500
288     -266749.562500
289     -267627.843750
290     -268503.812500
291     -269377.218750
292     -270248.156250
293     -271116.750000
294     -271982.812500
295     -272846.406250
296     -273707.656250
297     -274566.437500
298     -275422.968750
299     -276277.062500
300     -277128.437500
301     -277977.156250
302     -278823.187500
303     -279666.593750
304     -280507.250000
305     -281345.468750
306     -282180.937500
307     -283013.781250
308     -283843.875000
309     -284671.593750
310     -285496.312500
311     -286318.218750
312     -287137.625000
313     -287954.656250
314     -288769.000000
315     -289580.375000
316     -290388.906250
317     -291194.656250
318     -291997.812500
319     -292798.437500
320     -293596.281250
321     -294391.062500
322     -295183.000000
323     -295972.250000
324     -296758.687500
325     -297542.187500
326     -298322.875000
327     -299100.812500
328     -299875.875000
329     -300648.093750
330     -301417.562500
331     -302184.000000
332     -302947.562500
333     -303708.312500
334     -304465.937500
335     -305220.625000
336     -305972.406250
337     -306720.937500
338     -307466.312500
339     -308208.625000
340     -308948.000000
341     -309684.562500
342     -310418.187500
343     -311149.000000
344     -311876.968750
345     -312601.437500
346     -313322.656250
347     -314041.093750
348     -314756.562500
349     -315468.843750
350     -316178.250000
351     -316884.875000
352     -317588.375000
353     -318288.875000
354     -318986.437500
355     -319680.968750
356     -320372.875000
357     -321061.781250
358     -321747.625000
359     -322430.437500
360     -323110.375000
361     -323787.250000
362     -324461.125000
363     -325132.187500
364     -325800.187500
365     -326465.250000
366     -327127.500000
367     -327786.968750
368     -328443.312500
369     -329096.687500
370     -329747.562500
371     -330395.625000
372     -331040.593750
373     -331682.250000
374     -332320.687500
375     -332956.000000
376     -333588.500000
377     -334217.843750
378     -334844.593750
379     -335468.625000
380     -336089.625000
381     -336707.500000
382     -337322.125000
383     -337933.937500
384     -338542.781250
385     -339148.625000
386     -339751.312500
387     -340351.000000
388     -340947.875000
389     -341541.750000
390     -342132.437500
391     -342720.187500
392     -343305.062500
393     -343887.250000
394     -344466.312500
395     -345042.375000
396     -345615.437500
397     -346185.437500
398     -346752.593750
399     -347316.875000
400     -347878.312500
401     -348436.875000
402     -348992.343750
403     -349544.687500
404     -350093.625000
405     -350639.437500
406     -351182.000000
407     -351721.500000
408     -352258.062500
409     -352791.437500
410     -353321.500000
411     -353849.062500
412     -354374.062500
413     -354895.875000
414     -355414.562500
415     -355929.812500
416     -356442.156250
417     -356951.625000
418     -357458.281250
419     -357961.625000
420     -358462.468750
421     -358960.437500
422     -359455.531250
423     -359947.875000
424     -360437.718750
425     -360925.062500
426     -361409.781250
427     -361891.562500
428     -362370.250000
429     -362845.375000
430     -363317.406250
431     -363786.468750
432     -364252.750000
433     -364716.343750
434     -365177.125000
435     -365635.218750
436     -366090.562500
437     -366543.187500
438     -366993.593750
439     -367441.156250
440     -367886.187500
441     -368328.375000
442     -368767.312500
443     -369203.531250
444     -369637.125000
445     -370067.968750
446     -370496.031250
447     -370921.281250
448     -371343.250000
449     -371762.093750
450     -372177.781250
451     -372591.218750
452     -373002.062500
453     -373409.781250
454     -373814.562500
455     -374216.406250
456     -374615.625000
457     -375012.375000
458     -375407.281250
459     -375799.656250
460     -376189.250000
461     -376576.218750
462     -376960.500000
463     -377342.625000
464     -377722.062500
465     -378098.875000
466     -378473.343750
467     -378845.218750
468     -379214.562500
469     -379581.093750
470     -379945.000000
471     -380306.375000
472     -380665.000000
473     -381020.656250
474     -381374.250000
475     -381725.125000
476     -382073.156250
477     -382418.312500
478     -382760.687500
479     -383100.562500
480     -383438.062500
481     -383773.500000
482     -384106.125000
483     -384436.781250
484     -384765.125000
485     -385090.937500
486     -385414.156250
487     -385734.812500
488     -386053.500000
489     -386369.687500
490     -386682.843750
491     -386993.250000
492     -387301.531250
493     -387607.312500
494     -387910.750000
495     -388211.500000
496     -388510.250000
497     -388807.093750
498     -389101.906250
499     -389394.531250
500     -389684.937500
501     -389973.437500
502     -390259.531250
503     -390543.437500
504     -390825.531250
505     -391105.625000
506     -391383.937500
507     -391660.250000
508     -391934.062500
509     -392206.031250
510     -392476.125000
511     -392744.312500
512     -393010.718750
513     -393274.812500
514     -393537.156250
515     -393797.968750
516     -394056.750000
517     -394313.281250
518     -394567.906250
519     -394820.718750
520     -395071.375000
521     -395319.968750
522     -395566.156250
523     -395810.187500
524     -396052.500000
525     -396292.781250
526     -396531.187500
527     -396767.656250
528     -397002.562500
529     -397235.375000
530     -397466.375000
531     -397695.000000
532     -397921.125000
533     -398145.312500
534     -398367.406250
535     -398587.843750
536     -398806.625000
537     -399023.968750
538     -399239.500000
539     -399452.812500
540     -399664.625000
541     -399874.812500
542     -400083.312500
543     -400289.812500
544     -400494.250000
545     -400697.281250
546     -400898.500000
547     -401098.031250
548     -401296.000000
549     -401492.156250
550     -401686.687500
551     -401879.375000
552     -402070.312500
553     -402259.375000
554     -402446.812500
555     -402632.437500
556     -402816.375000
557     -402998.656250
558     -403179.718750
559     -403359.031250
560     -403536.937500
561     -403713.312500
562     -403888.062500
563     -404061.125000
564     -404232.531250
565     -404402.156250
566     -404570.468750
567     -404737.625000
568     -404902.875000
569     -405066.687500
570     -405229.125000
571     -405390.375000
572     -405550.375000
573     -405708.687500
574     -405865.468750
575     -406020.875000
576     -406174.750000
577     -406327.125000
578     -406478.250000
579     -406628.000000
580     -406776.687500
581     -406924.062500
582     -407070.125000
583     -407215.031250
584     -407358.625000
585     -407500.593750
586     -407640.875000
587     -407779.687500
588     -407916.875000
589     -408052.500000
590     -408187.093750
591     -408320.500000
592     -408452.750000
593     -408583.625000
594     -408713.562500
595     -408842.531250
596     -408970.562500
597     -409097.656250
598     -409223.562500
599     -409348.156250
600     -409471.500000
601     -409593.875000
602     -409715.343750
603     -409835.500000
604     -409954.500000
605     -410072.250000
606     -410188.718750
607     -410304.250000
608     -410418.968750
609     -410533.062500
610     -410646.250000
611     -410758.500000
612     -410869.250000
613     -410978.906250
614     -411087.500000
615     -411194.531250
616     -411300.562500
617     -411405.687500
618     -411509.937500
619     -411613.062500
620     -411714.875000
621     -411815.750000
622     -411915.750000
623     -412014.968750
624     -412113.406250
625     -412211.062500
626     -412307.750000
627     -412403.250000
628     -412498.062500
629     -412592.218750
630     -412685.562500
631     -412778.000000
632     -412869.937500
633     -412960.937500
634     -413050.906250
635     -413139.843750
636     -413227.875000
637     -413314.937500
638     -413401.093750
639     -413486.437500
640     -413571.250000
641     -413655.312500
642     -413738.687500
643     -413821.343750
644     -413903.218750
645     -413984.468750
646     -414065.000000
647     -414144.625000
648     -414223.531250
649     -414301.843750
650     -414379.562500
651     -414456.750000
652     -414533.000000
653     -414608.312500
654     -414682.937500
655     -414756.750000
656     -414829.843750
657     -414902.187500
658     -414973.875000
659     -415045.062500
660     -415115.750000
661     -415185.750000
662     -415255.000000
663     -415323.531250
664     -415391.500000
665     -415459.031250
666     -415526.187500
667     -415592.937500
668     -415659.062500
669     -415724.500000
670     -415789.437500
671     -415853.875000
672     -415917.812500
673     -415981.250000
674     -416044.218750
675     -416106.687500
676     -416168.312500
677     -416229.375000
678     -416289.937500
679     -416349.812500
680     -416409.125000
681     -416468.000000
682     -416526.437500
683     -416584.500000
684     -416642.062500
685     -416699.312500
686     -416756.062500
687     -416812.250000
688     -416868.062500
689     -416923.468750
690     -416978.312500
691     -417032.656250
692     -417086.375000
693     -417139.750000
694     -417192.843750
695     -417245.625000
696     -417298.000000
697     -417350.000000
698     -417401.562500
699     -417452.750000
700     -417503.625000
701     -417554.187500
702     -417604.375000
703     -417654.218750
704     -417703.750000
705     -417753.000000
706     -417801.750000
707     -417850.000000
708     -417897.906250
709     -417945.437500
710     -417992.750000
711     -418039.781250
712     -418086.437500
713     -418132.625000
714     -418178.406250
715     -418223.906250
716     -418269.125000
717     -418314.031250
718     -418358.593750
719     -418402.843750
720     -418446.781250
721     -418490.187500
722     -418533.250000
723     -418576.000000
724     -418618.468750
725     -418660.687500
726     -418702.625000
727     -418744.187500
728     -418785.437500
729     -418826.468750
730     -418867.156250
731     -418907.625000
732     -418947.843750
733     -418987.781250
734     -419027.375000
735     -419066.593750
736     -419105.562500
737     -419144.375000
738     -419183.062500
739     -419221.406250
740     -419259.562500
741     -419297.531250
742     -419335.281250
743     -419372.687500
744     -419409.812500
745     -419446.625000
746     -419483.125000
747     -419519.406250
748     -419555.375000
749     -419591.187500
750     -419626.781250
751     -419662.125000
752     -419697.218750
753     -419732.125000
754     -419766.875000
755     -419801.406250
756     -419835.750000
757     -419869.906250
758     -419903.937500
759     -419937.750000
760     -419971.312500
761     -420004.812500
762     -420038.125000
763     -420071.250000
764     -420104.218750
765     -420137.000000
766     -420169.562500
767     -420202.062500
768     -420234.437500
769     -420266.593750
770     -420298.593750
771     -420330.500000
772     -420362.250000
773     -420393.843750
774     -420425.281250
775     -420456.531250
776     -420487.718750
777     -420518.812500
778     -420549.781250
779     -420580.625000
780     -420611.250000
781     -420641.750000
782     -420672.156250
783     -420702.406250
784     -420732.375000
785     -420762.250000
786     -420792.062500
787     -420821.750000
788     -420851.281250
789     -420880.656250
790     -420909.781250
791     -420938.781250
792     -420967.593750
793     -420996.312500
794     -421024.937500
795     -421053.343750
796     -421081.500000
797     -421109.500000
798     -421137.250000
799     -421164.875000
800     -421192.250000
801     -421219.500000
802     -421246.625000
803     -421273.562500
804     -421300.375000
805     -421327.000000
806     -421353.500000
807     -421379.906250
808     -421406.125000
809     -421432.250000
810     -421458.250000
811     -421483.968750
812     -421509.531250
813     -421534.937500
814     -421560.125000
815     -421585.000000
816     -421609.656250
817     -421634.250000
818     -421658.687500
819     -421683.093750
820     -421707.312500
821     -421731.437500
822     -421755.500000
823     -421779.500000
824     -421803.375000
825     -421827.218750
826     -421850.937500
827     -421874.562500
828     -421898.062500
829     -421921.500000
830     -421944.718750
831     -421967.812500
832     -421990.843750
833     -422013.718750
834     -422036.468750
835     -422059.125000
836     -422081.593750
837     -422103.937500
838     -422126.218750
839     -422148.312500
840     -422170.281250
841     -422192.125000
842     -422213.875000
843     -422235.500000
844     -422257.000000
845     -422278.406250
846     -422299.718750
847     -422320.875000
848     -422341.968750
849     -422362.937500
850     -422383.781250
851     -422404.500000
852     -422425.062500
853     -422445.531250
854     -422465.937500
855     -422486.187500
856     -422506.406250
857     -422526.562500
858     -422546.531250
859     -422566.437500
860     -422586.312500
861     -422606.062500
862     -422625.687500
863     -422645.281250
864     -422664.687500
865     -422684.000000
866     -422703.250000
867     -422722.375000
868     -422741.375000
869     -422760.312500
870     -422779.156250
871     -422798.000000
872     -422816.656250
873     -422835.250000
874     -422853.781250
875     -422872.250000
876     -422890.625000
877     -422908.937500
878     -422927.187500
879     -422945.312500
880     -422963.343750
881     -422981.250000
882     -422999.062500
883     -423016.812500
884     -423034.593750
885     -423052.281250
886     -423069.968750
887     -423087.625000
888     -423105.187500
889     -423122.625000
890     -423140.000000
891     -423157.312500
892     -423174.562500
893     -423191.750000
894     -423208.812500
895     -423225.812500
896     -423242.750000
897     -423259.656250
898     -423276.500000
899     -423293.250000
900     -423309.937500
901     -423326.562500
902     -423343.156250
903     -423359.656250
904     -423376.093750
905     -423392.437500
906     -423408.718750
907     -423424.968750
908     -423441.156250
909     -423457.281250
910     -423473.312500
911     -423489.312500
912     -423505.281250
913     -423521.187500
914     -423537.000000
915     -423552.687500
916     -423568.312500
917     -423583.875000
918     -423599.437500
919     -423614.906250
920     -423630.312500
921     -423645.656250
922     -423660.937500
923     -423676.218750
924     -423691.406250
925     -423706.437500
926     -423721.468750
927     -423736.468750
928     -423751.375000
929     -423766.312500
930     -423781.187500
931     -423795.937500
932     -423810.593750
933     -423825.218750
934     -423839.750000
935     -423854.312500
936     -423868.750000
937     -423883.187500
938     -423897.562500
939     -423911.906250
940     -423926.187500
941     -423940.406250
942     -423954.562500
943     -423968.687500
944     -423982.750000
945     -423996.781250
946     -424010.750000
947     -424024.593750
948     -424038.437500
949     -424052.250000
950     -424066.000000
951     -424079.750000
952     -424093.500000
953     -424107.125000
954     -424120.781250
955     -424134.406250
956     -424148.000000
957     -424161.531250
958     -424174.906250
959     -424188.187500
960     -424201.406250
961     -424214.531250
962     -424227.593750
963     -424240.562500
964     -424253.531250
965     -424266.500000
966     -424279.343750
967     -424292.125000
968     -424304.812500
969     -424317.437500
970     -424330.031250
971     -424342.625000
972     -424355.125000
973     -424367.562500
974     -424380.000000
975     -424392.437500
976     -424404.781250
977     -424417.062500
978     -424429.343750
979     -424441.562500
980     -424453.750000
981     -424465.968750
982     -424478.125000
983     -424490.250000
984     -424502.250000
985     -424514.312500
986     -424526.281250
987     -424538.250000
988     -424550.187500
989     -424562.093750
990     -424574.000000
991     -424585.875000
992     -424597.687500
993     -424609.531250
994     -424621.312500
995     -424633.125000
996     -424644.875000
997     -424656.687500
998     -424668.437500
999     -424680.125000
1000    -424691.750000
1001    -424703.406250
1002    -424714.968750
1003    -424726.531250
1004    -424738.062500
1005    -424749.531250
1006    -424761.062500
1007    -424772.531250
1008    -424783.937500
1009    -424795.250000
1010    -424806.531250
1011    -424817.812500
1012    -424829.062500
1013    -424840.281250
1014    -424851.437500
1015    -424862.562500
1016    -424873.687500
1017    -424884.718750
1018    -424895.812500
1019    -424906.812500
1020    -424917.781250
1021    -424928.750000
1022    -424939.687500
1023    -424950.625000
1024    -424961.500000
1025    -424972.437500
1026    -424983.250000
1027    -424994.125000
1028    -425004.937500
1029    -425015.687500
1030    -425026.437500
1031    -425037.125000
1032    -425047.812500
1033    -425058.437500
1034    -425069.062500
1035    -425079.687500
1036    -425090.250000
1037    -425100.843750
1038    -425111.375000
1039    -425121.875000
1040    -425132.343750
1041    -425142.812500
1042    -425153.187500
1043    -425163.500000
1044    -425173.812500
1045    -425184.062500
1046    -425194.312500
1047    -425204.500000
1048    -425214.687500
1049    -425224.812500
1050    -425234.937500
1051    -425245.031250
1052    -425255.125000
1053    -425265.156250
1054    -425275.093750
1055    -425285.000000
1056    -425294.937500
1057    -425304.843750
1058    -425314.718750
1059    -425324.531250
1060    -425334.312500
1061    -425344.093750
1062    -425353.750000
1063    -425363.437500
1064    -425373.031250
1065    -425382.656250
1066    -425392.218750
1067    -425401.781250
1068    -425411.312500
1069    -425420.781250
1070    -425430.156250
1071    -425439.500000
1072    -425448.875000
1073    -425458.187500
1074    -425467.500000
1075    -425476.750000
1076    -425486.000000
1077    -425495.218750
1078    -425504.468750
1079    -425513.625000
1080    -425522.812500
1081    -425531.937500
1082    -425541.062500
1083    -425550.187500
1084    -425559.218750
1085    -425568.250000
1086    -425577.250000
1087    -425586.281250
1088    -425595.250000
1089    -425604.218750
1090    -425613.062500
1091    -425621.875000
1092    -425630.625000
1093    -425639.375000
1094    -425648.125000
1095    -425656.781250
1096    -425665.406250
1097    -425674.031250
1098    -425682.625000
1099    -425691.187500
1100    -425699.687500
1101    -425708.187500
1102    -425716.687500
1103    -425725.187500
1104    -425733.656250
1105    -425742.062500
1106    -425750.500000
1107    -425758.937500
1108    -425767.312500
1109    -425775.687500
1110    -425784.000000
1111    -425792.250000
1112    -425800.531250
1113    -425808.750000
1114    -425816.968750
1115    -425825.125000
1116    -425833.312500
1117    -425841.468750
1118    -425849.562500
1119    -425857.656250
1120    -425865.750000
1121    -425873.750000
1122    -425881.812500
1123    -425889.812500
1124    -425897.750000
1125    -425905.718750
1126    -425913.625000
1127    -425921.500000
1128    -425929.375000
1129    -425937.250000
1130    -425945.125000
1131    -425952.937500
1132    -425960.718750
1133    -425968.437500
1134    -425976.156250
1135    -425983.875000
1136    -425991.500000
1137    -425999.125000
1138    -426006.687500
1139    -426014.250000
1140    -426021.750000
1141    -426029.250000
1142    -426036.625000
1143    -426044.031250
1144    -426051.375000
1145    -426058.687500
1146    -426065.937500
1147    -426073.250000
1148    -426080.437500
1149    -426087.625000
1150    -426094.781250
1151    -426101.906250
1152    -426109.000000
1153    -426116.062500
1154    -426123.093750
1155    -426130.062500
1156    -426137.062500
1157    -426144.000000
1158    -426150.875000
1159    -426157.812500
1160    -426164.656250
1161    -426171.437500
1162    -426178.218750
1163    -426184.968750
1164    -426191.687500
1165    -426198.343750
1166    -426205.031250
1167    -426211.687500
1168    -426218.312500
1169    -426224.968750
1170    -426231.531250
1171    -426238.062500
1172    -426244.593750
1173    -426251.125000
1174    -426257.625000
1175    -426264.125000
1176    -426270.593750
1177    -426277.000000
1178    -426283.468750
1179    -426289.906250
1180    -426296.281250
1181    -426302.656250
1182    -426309.000000
1183    -426315.375000
1184    -426321.687500
1185    -426328.000000
1186    -426334.250000
1187    -426340.500000
1188    -426346.718750
1189    -426352.937500
1190    -426359.062500
1191    -426365.187500
1192    -426371.250000
1193    -426377.375000
1194    -426383.406250
1195    -426389.437500
1196    -426395.406250
1197    -426401.375000
1198    -426407.312500
1199    -426413.281250
1200    -426419.187500
1201    -426425.062500
1202    -426430.937500
1203    -426436.812500
1204    -426442.625000
1205    -426448.437500
1206    -426454.250000
1207    -426460.062500
1208    -426465.875000
1209    -426471.656250
1210    -426477.437500
1211    -426483.156250
1212    -426488.875000
1213    -426494.625000
1214    -426500.312500
1215    -426506.000000
1216    -426511.687500
1217    -426517.312500
1218    -426522.906250
1219    -426528.437500
1220    -426533.906250
1221    -426539.343750
1222    -426544.812500
1223    -426550.250000
1224    -426555.625000
1225    -426560.968750
1226    -426566.312500
1227    -426571.593750
1228    -426576.906250
1229    -426582.187500
1230    -426587.437500
1231    -426592.687500
1232    -426597.875000
1233    -426603.093750
1234    -426608.281250
1235    -426613.437500
1236    -426618.687500
1237    -426623.843750
1238    -426629.000000
1239    -426634.187500
1240    -426639.312500
1241    -426644.437500
1242    -426649.562500
1243    -426654.687500
1244    -426659.781250
1245    -426664.843750
1246    -426669.937500
1247    -426675.000000
1248    -426680.031250
1249    -426685.031250
1250    -426690.000000
1251    -426694.937500
1252    -426699.875000
1253    -426704.750000
1254    -426709.625000
1255    -426714.500000
1256    -426719.375000
1257    -426724.250000
1258    -426729.062500
1259    -426733.937500
1260    -426738.750000
1261    -426743.562500
1262    -426748.281250
1263    -426753.062500
1264    -426757.750000
1265    -426762.437500
1266    -426767.125000
1267    -426771.750000
1268    -426776.375000
1269    -426781.000000
1270    -426785.625000
1271    -426790.250000
1272    -426794.843750
1273    -426799.437500
1274    -426804.000000
1275    -426808.562500
1276    -426813.125000
1277    -426817.656250
1278    -426822.218750
1279    -426826.750000
1280    -426831.250000
1281    -426835.750000
1282    -426840.218750
1283    -426844.687500
1284    -426849.125000
1285    -426853.593750
1286    -426858.031250
1287    -426862.500000
1288    -426866.937500
1289    -426871.312500
1290    -426875.687500
1291    -426880.125000
1292    -426884.437500
1293    -426888.812500
1294    -426893.187500
1295    -426897.500000
1296    -426901.875000
1297    -426906.187500
1298    -426910.468750
1299    -426914.750000
1300    -426919.000000
1301    -426923.250000
1302    -426927.562500
1303    -426931.750000
1304    -426936.000000
1305    -426940.250000
1306    -426944.437500
1307    -426948.656250
1308    -426952.843750
1309    -426957.031250
1310    -426961.187500
1311    -426965.437500
1312    -426969.625000
1313    -426973.750000
1314    -426977.906250
1315    -426982.031250
1316    -426986.156250
1317    -426990.281250
1318    -426994.375000
1319    -426998.500000
1320    -427002.562500
1321    -427006.687500
1322    -427010.781250
1323    -427014.875000
1324    -427018.937500
1325    -427023.000000
1326    -427027.062500
1327    -427031.093750
1328    -427035.156250
1329    -427039.187500
1330    -427043.218750
1331    -427047.250000
1332    -427051.218750
1333    -427055.187500
1334    -427059.156250
1335    -427063.125000
1336    -427067.062500
1337    -427071.000000
1338    -427074.968750
1339    -427078.937500
1340    -427082.875000
1341    -427086.812500
1342    -427090.750000
1343    -427094.718750
1344    -427098.625000
1345    -427102.562500
1346    -427106.500000
1347    -427110.343750
1348    -427114.250000
1349    -427118.125000
1350    -427122.000000
1351    -427125.875000
1352    -427129.750000
1353    -427133.562500
1354    -427137.406250
1355    -427141.218750
1356    -427145.062500
1357    -427148.875000
1358    -427152.718750
1359    -427156.531250
1360    -427160.375000
1361    -427164.187500
1362    -427168.000000
1363    -427171.812500
1364    -427175.625000
1365    -427179.437500
1366    -427183.187500
1367    -427186.937500
1368    -427190.718750
1369    -427194.468750
1370    -427198.187500
1371    -427201.937500
1372    -427205.687500
1373    -427209.406250
1374    -427213.093750
1375    -427216.812500
1376    -427220.562500
1377    -427224.250000
1378    -427228.000000
1379    -427231.718750
1380    -427235.437500
1381    -427239.125000
1382    -427242.843750
1383    -427246.562500
1384    -427250.250000
1385    -427253.968750
1386    -427257.625000
1387    -427261.312500
1388    -427265.000000
1389    -427268.687500
1390    -427272.343750
1391    -427276.031250
1392    -427279.687500
1393    -427283.375000
1394    -427287.031250
1395    -427290.718750
1396    -427294.375000
1397    -427298.031250
1398    -427301.687500
1399    -427305.375000
1400    -427309.000000
1401    -427312.687500
1402    -427316.312500
1403    -427319.937500
1404    -427323.562500
1405    -427327.187500
1406    -427330.750000
1407    -427334.375000
1408    -427338.000000
1409    -427341.593750
1410    -427345.187500
1411    -427348.750000
1412    -427352.375000
1413    -427355.937500
1414    -427359.500000
1415    -427363.062500
1416    -427366.593750
1417    -427370.187500
1418    -427373.687500
1419    -427377.250000
1420    -427380.781250
1421    -427384.312500
1422    -427387.843750
1423    -427391.375000
1424    -427394.937500
1425    -427398.437500
1426    -427401.968750
1427    -427405.468750
1428    -427408.937500
1429    -427412.406250
1430    -427415.875000
1431    -427419.312500
1432    -427422.750000
1433    -427426.250000
1434    -427429.687500
1435    -427433.156250
1436    -427436.593750
1437    -427440.062500
1438    -427443.500000
1439    -427446.968750
1440    -427450.437500
1441    -427453.875000
1442    -427457.281250
1443    -427460.750000
1444    -427464.187500
1445    -427467.562500
1446    -427471.000000
1447    -427474.343750
1448    -427477.687500
1449    -427481.062500
1450    -427484.437500
1451    -427487.781250
1452    -427491.125000
1453    -427494.437500
1454    -427497.812500
1455    -427501.156250
1456    -427504.500000
1457    -427507.812500
1458    -427511.125000
1459    -427514.437500
1460    -427517.812500
1461    -427521.156250
1462    -427524.468750
1463    -427527.781250
1464    -427531.125000
1465    -427534.406250
1466    -427537.750000
1467    -427541.031250
1468    -427544.281250
1469    -427547.531250
1470    -427550.781250
1471    -427554.000000
1472    -427557.250000
1473    -427560.500000
1474    -427563.750000
1475    -427566.937500
1476    -427570.187500
1477    -427573.375000
1478    -427576.625000
1479    -427579.812500
1480    -427583.031250
1481    -427586.218750
1482    -427589.437500
1483    -427592.656250
1484    -427595.875000
1485    -427599.062500
1486    -427602.250000
1487    -427605.468750
1488    -427608.625000
1489    -427611.843750
1490    -427615.031250
1491    -427618.187500
1492    -427621.375000
1493    -427624.562500
1494    -427627.718750
1495    -427630.875000
1496    -427634.031250
1497    -427637.218750
1498    -427640.281250
1499    -427643.343750
1500    -427646.437500
1501    -427649.562500
1502    -427652.656250
1503    -427655.687500
1504    -427658.781250
1505    -427661.875000
1506    -427664.937500
1507    -427668.000000
1508    -427671.062500
1509    -427674.125000
1510    -427677.187500
1511    -427680.187500
1512    -427683.250000
1513    -427686.312500
1514    -427689.343750
1515    -427692.375000
1516    -427695.406250
1517    -427698.406250
1518    -427701.437500
1519    -427704.437500
1520    -427707.437500
1521    -427710.437500
1522    -427713.437500
1523    -427716.468750
1524    -427719.437500
1525    -427722.437500
1526    -427725.375000
1527    -427728.375000
1528    -427731.375000
1529    -427734.312500
1530    -427737.250000
1531    -427740.250000
1532    -427743.218750
1533    -427746.187500
1534    -427749.125000
1535    -427752.093750
1536    -427755.062500
1537    -427758.000000
1538    -427760.937500
1539    -427763.875000
1540    -427766.812500
1541    -427769.750000
1542    -427772.656250
1543    -427775.593750
1544    -427778.500000
1545    -427781.437500
1546    -427784.343750
1547    -427787.250000
1548    -427790.125000
1549    -427793.062500
1550    -427795.937500
1551    -427798.812500
1552    -427801.718750
1553    -427804.625000
1554    -427807.500000
1555    -427810.375000
1556    -427813.250000
1557    -427816.125000
1558    -427819.000000
1559    -427821.843750
1560    -427824.687500
1561    -427827.500000
1562    -427830.281250
1563    -427833.125000
1564    -427835.906250
1565    -427838.687500
1566    -427841.500000
1567    -427844.281250
1568    -427847.062500
1569    -427849.875000
1570    -427852.625000
1571    -427855.437500
1572    -427858.187500
1573    -427860.937500
1574    -427863.718750
1575    -427866.468750
1576    -427869.250000
1577    -427871.968750
1578    -427874.750000
1579    -427877.437500
1580    -427880.187500
1581    -427882.875000
1582    -427885.593750
1583    -427888.281250
1584    -427890.906250
1585    -427893.593750
1586    -427896.250000
1587    -427898.906250
1588    -427901.562500
1589    -427904.218750
1590    -427906.875000
1591    -427909.500000
1592    -427912.156250
1593    -427914.750000
1594    -427917.375000
1595    -427919.968750
1596    -427922.562500
1597    -427925.187500
1598    -427927.812500
1599    -427930.406250
1600    -427932.968750
1601    -427935.562500
1602    -427938.187500
1603    -427940.750000
1604    -427943.312500
1605    -427945.812500
1606    -427948.375000
1607    -427950.875000
1608    -427953.406250
1609    -427955.937500
1610    -427958.375000
1611    -427960.906250
1612    -427963.375000
1613    -427965.812500
1614    -427968.312500
1615    -427970.812500
1616    -427973.250000
1617    -427975.718750
1618    -427978.187500
1619    -427980.625000
1620    -427983.062500
1621    -427985.562500
1622    -427987.968750
1623    -427990.406250
1624    -427992.843750
1625    -427995.281250
1626    -427997.687500
1627    -428000.125000
1628    -428002.531250
1629    -428004.937500
1630    -428007.375000
1631    -428009.781250
1632    -428012.187500
1633    -428014.625000
1634    -428017.000000
1635    -428019.406250
1636    -428021.781250
1637    -428024.187500
1638    -428026.562500
1639    -428029.000000
1640    -428031.375000
1641    -428033.750000
1642    -428036.125000
1643    -428038.531250
1644    -428040.875000
1645    -428043.218750
1646    -428045.562500
1647    -428047.875000
1648    -428050.187500
1649    -428052.500000
1650    -428054.843750
1651    -428057.125000
1652    -428059.437500
1653    -428061.750000
1654    -428064.062500
1655    -428066.343750
1656    -428068.656250
1657    -428070.937500
1658    -428073.218750
1659    -428075.500000
1660    -428077.750000
1661    -428080.031250
1662    -428082.312500
1663    -428084.531250
1664    -428086.781250
1665    -428089.000000
1666    -428091.250000
1667    -428093.468750
1668    -428095.718750
1669    -428097.937500
1670    -428100.187500
1671    -428102.375000
1672    -428104.625000
1673    -428106.812500
1674    -428109.031250
1675    -428111.250000
1676    -428113.437500
1677    -428115.656250
1678    -428117.843750
1679    -428120.062500
1680    -428122.250000
1681    -428124.437500
1682    -428126.625000
1683    -428128.812500
1684    -428131.000000
1685    -428133.187500
1686    -428135.375000
1687    -428137.562500
1688    -428139.750000
1689    -428141.906250
1690    -428144.062500
1691    -428146.187500
1692    -428148.312500
1693    -428150.437500
1694    -428152.562500
1695    -428154.718750
1696    -428156.812500
1697    -428158.937500
1698    -428161.062500
1699    -428163.187500
1700    -428165.250000
1701    -428167.375000
1702    -428169.500000
1703    -428171.562500
1704    -428173.687500
1705    -428175.750000
1706    -428177.875000
1707    -428179.937500
1708    -428182.031250
1709    -428184.125000
1710    -428186.187500
1711    -428188.281250
1712    -428190.375000
1713    -428192.437500
1714    -428194.500000
1715    -428196.593750
1716    -428198.625000
1717    -428200.687500
1718    -428202.750000
1719    -428204.812500
1720    -428206.875000
1721    -428208.937500
1722    -428210.937500
1723    -428213.000000
1724    -428215.031250
1725    -428217.125000
1726    -428219.125000
1727    -428221.125000
1728    -428223.156250
1729    -428225.125000
1730    -428227.125000
1731    -428229.062500
1732    -428231.062500
1733    -428233.062500
1734    -428235.000000
1735    -428236.968750
1736    -428238.906250
1737    -428240.875000
1738    -428242.812500
1739    -428244.781250
1740    -428246.718750
1741    -428248.687500
1742    -428250.593750
1743    -428252.531250
1744    -428254.437500
1745    -428256.375000
1746    -428258.312500
1747    -428260.218750
1748    -428262.125000
1749    -428264.062500
1750    -428265.968750
1751    -428267.875000
1752    -428269.812500
1753    -428271.687500
1754    -428273.625000
1755    -428275.500000
1756    -428277.437500
1757    -428279.312500
1758    -428281.187500
1759    -428283.062500
1760    -428285.000000
1761    -428286.812500
1762    -428288.750000
1763    -428290.625000
1764    -428292.500000
1765    -428294.375000
1766    -428296.250000
1767    -428298.062500
1768    -428299.937500
1769    -428301.812500
1770    -428303.625000
1771    -428305.500000
1772    -428307.312500
1773    -428309.156250
1774    -428311.000000
1775    -428312.812500
1776    -428314.625000
1777    -428316.500000
1778    -428318.281250
1779    -428320.125000
1780    -428321.937500
1781    -428323.750000
1782    -428325.593750
1783    -428327.375000
1784    -428329.187500
1785    -428330.968750
1786    -428332.750000
1787    -428334.531250
1788    -428336.312500
1789    -428338.125000
1790    -428339.875000
1791    -428341.625000
1792    -428343.406250
1793    -428345.187500
1794    -428346.937500
1795    -428348.718750
1796    -428350.468750
1797    -428352.218750
1798    -428354.000000
1799    -428355.718750
1800    -428357.437500
1801    -428359.218750
1802    -428360.968750
1803    -428362.718750
1804    -428364.500000
1805    -428366.218750
1806    -428367.937500
1807    -428369.687500
1808    -428371.437500
1809    -428373.156250
1810    -428374.875000
1811    -428376.625000
1812    -428378.343750
1813    -428380.062500
1814    -428381.750000
1815    -428383.500000
1816    -428385.187500
1817    -428386.906250
1818    -428388.625000
1819    -428390.343750
1820    -428392.000000
1821    -428393.718750
1822    -428395.437500
1823    -428397.125000
1824    -428398.843750
1825    -428400.500000
1826    -428402.218750
1827    -428403.906250
1828    -428405.562500
1829    -428407.250000
1830    -428408.968750
1831    -428410.625000
1832    -428412.281250
1833    -428413.968750
1834    -428415.625000
1835    -428417.312500
1836    -428418.968750
1837    -428420.656250
1838    -428422.312500
1839    -428423.968750
1840    -428425.625000
1841    -428427.281250
1842    -428428.937500
1843    -428430.593750
1844    -428432.218750
1845    -428433.875000
1846    -428435.500000
1847    -428437.125000
1848    -428438.750000
1849    -428440.375000
1850    -428442.000000
1851    -428443.625000
1852    -428445.250000
1853    -428446.875000
1854    -428448.437500
1855    -428450.031250
1856    -428451.625000
1857    -428453.250000
1858    -428454.812500
1859    -428456.406250
1860    -428458.000000
1861    -428459.593750
1862    -428461.187500
1863    -428462.750000
1864    -428464.312500
1865    -428465.906250
1866    -428467.500000
1867    -428469.062500
1868    -428470.625000
1869    -428472.218750
1870    -428473.750000
1871    -428475.343750
1872    -428476.906250
1873    -428478.468750
1874    -428480.000000
1875    -428481.625000
1876    -428483.156250
1877    -428484.718750
1878    -428486.281250
1879    -428487.812500
1880    -428489.375000
1881    -428490.937500
1882    -428492.500000
1883    -428494.031250
1884    -428495.562500
1885    -428497.125000
1886    -428498.656250
1887    -428500.187500
1888    -428501.718750
1889    -428503.250000
1890    -428504.812500
1891    -428506.343750
1892    -428507.875000
1893    -428509.406250
1894    -428510.937500
1895    -428512.437500
1896    -428513.968750
1897    -428515.531250
1898    -428517.062500
1899    -428518.562500
1900    -428520.093750
1901    -428521.625000
1902    -428523.125000
1903    -428524.687500
1904    -428526.187500
1905    -428527.718750
1906    -428529.250000
1907    -428530.750000
1908    -428532.250000
1909    -428533.750000
1910    -428535.250000
1911    -428536.781250
1912    -428538.250000
1913    -428539.781250
1914    -428541.281250
1915    -428542.750000
1916    -428544.281250
1917    -428545.781250
1918    -428547.312500
1919    -428548.812500
1920    -428550.312500
1921    -428551.781250
1922    -428553.312500
1923    -428554.812500
1924    -428556.281250
1925    -428557.781250
1926    -428559.281250
1927    -428560.781250
1928    -428562.281250
1929    -428563.750000
1930    -428565.250000
1931    -428566.750000
1932    -428568.187500
1933    -428569.687500
1934    -428571.156250
1935    -428572.625000
1936    -428574.125000
1937    -428575.562500
1938    -428577.062500
1939    -428578.531250
1940    -428579.968750
1941    -428581.437500
1942    -428582.906250
1943    -428584.343750
1944    -428585.812500
1945    -428587.281250
1946    -428588.750000
1947    -428590.187500
1948    -428591.656250
1949    -428593.093750
1950    -428594.562500
1951    -428596.031250
1952    -428597.500000
1953    -428598.937500
1954    -428600.406250
1955    -428601.812500
1956    -428603.281250
1957    -428604.718750
1958    -428606.156250
1959    -428607.625000
1960    -428609.062500
1961    -428610.500000
1962    -428611.937500
1963    -428613.375000
1964    -428614.843750
1965    -428616.281250
1966    -428617.718750
1967    -428619.187500
1968    -428620.625000
1969    -428622.062500
1970    -428623.500000
1971    -428624.937500
1972    -428626.375000
1973    -428627.812500
1974    -428629.250000
1975    -428630.687500
1976    -428632.125000
1977    -428633.562500
1978    -428635.000000
1979    -428636.437500
1980    -428637.875000
1981    -428639.312500
1982    -428640.750000
1983    -428642.187500
1984    -428643.625000
1985    -428645.062500
1986    -428646.500000
1987    -428647.937500
1988    -428649.343750
1989    -428650.750000
1990    -428652.187500
1991    -428653.625000
1992    -428655.062500
1993    -428656.500000
1994    -428657.906250
1995    -428659.312500
1996    -428660.750000
1997    -428662.125000
1998    -428663.500000
1999    -428664.937500
2000    -428666.312500
2001    -428667.687500
2002    -428669.093750
2003    -428670.500000
2004    -428671.875000
2005    -428673.281250
2006    -428674.656250
2007    -428676.031250
2008    -428677.437500
2009    -428678.812500
2010    -428680.187500
2011    -428681.562500
2012    -428682.937500
2013    -428684.312500
2014    -428685.687500
2015    -428687.062500
2016    -428688.437500
2017    -428689.843750
2018    -428691.250000
2019    -428692.593750
2020    -428693.937500
2021    -428695.375000
2022    -428696.750000
2023    -428698.093750
2024    -428699.468750
2025    -428700.843750
2026    -428702.187500
2027    -428703.562500
2028    -428704.937500
2029    -428706.312500
2030    -428707.656250
2031    -428709.031250
2032    -428710.375000
2033    -428711.750000
2034    -428713.125000
2035    -428714.500000
2036    -428715.812500
2037    -428717.187500
2038    -428718.562500
2039    -428719.906250
2040    -428721.250000
2041    -428722.625000
2042    -428724.000000
2043    -428725.312500
2044    -428726.687500
2045    -428728.062500
2046    -428729.375000
2047    -428730.750000
2048    -428732.062500
2049    -428733.406250
2050    -428734.750000
2051    -428736.093750
2052    -428737.375000
2053    -428738.718750
2054    -428740.000000
2055    -428741.375000
2056    -428742.656250
2057    -428744.000000
2058    -428745.312500
2059    -428746.625000
2060    -428747.937500
2061    -428749.250000
2062    -428750.562500
2063    -428751.906250
2064    -428753.218750
2065    -428754.562500
2066    -428755.875000
2067    -428757.125000
2068    -428758.500000
2069    -428759.812500
2070    -428761.125000
2071    -428762.437500
2072    -428763.750000
2073    -428765.062500
2074    -428766.343750
2075    -428767.687500
2076    -428768.937500
2077    -428770.250000
2078    -428771.562500
2079    -428772.875000
2080    -428774.187500
2081    -428775.500000
2082    -428776.812500
2083    -428778.062500
2084    -428779.406250
2085    -428780.656250
2086    -428781.968750
2087    -428783.281250
2088    -428784.562500
2089    -428785.875000
2090    -428787.187500
2091    -428788.468750
2092    -428789.750000
2093    -428791.031250
2094    -428792.375000
2095    -428793.625000
2096    -428794.937500
2097    -428796.187500
2098    -428797.500000
2099    -428798.781250
2100    -428800.062500
2101    -428801.343750
2102    -428802.625000
2103    -428803.937500
2104    -428805.187500
2105    -428806.437500
2106    -428807.718750
2107    -428809.000000
2108    -428810.281250
2109    -428811.562500
2110    -428812.812500
2111    -428814.125000
2112    -428815.343750
2113    -428816.625000
2114    -428817.875000
2115    -428819.187500
2116    -428820.406250
2117    -428821.687500
2118    -428822.937500
2119    -428824.187500
2120    -428825.437500
2121    -428826.718750
2122    -428827.937500
2123    -428829.187500
2124    -428830.437500
2125    -428831.656250
2126    -428832.875000
2127    -428834.125000
2128    -428835.343750
2129    -428836.562500
2130    -428837.812500
2131    -428839.000000
2132    -428840.250000
2133    -428841.500000
2134    -428842.687500
2135    -428843.937500
2136    -428845.125000
2137    -428846.375000
2138    -428847.625000
2139    -428848.812500
2140    -428850.000000
2141    -428851.187500
2142    -428852.375000
2143    -428853.625000
2144    -428854.781250
2145    -428856.000000
2146    -428857.187500
2147    -428858.375000
2148    -428859.562500
2149    -428860.750000
2150    -428861.937500
2151    -428863.125000
2152    -428864.343750
2153    -428865.500000
2154    -428866.687500
2155    -428867.875000
2156    -428869.062500
2157    -428870.250000
2158    -428871.406250
2159    -428872.593750
2160    -428873.750000
2161    -428874.937500
2162    -428876.125000
2163    -428877.312500
2164    -428878.468750
2165    -428879.625000
2166    -428880.781250
2167    -428881.937500
2168    -428883.093750
2169    -428884.250000
2170    -428885.437500
2171    -428886.562500
2172    -428887.750000
2173    -428888.875000
2174    -428890.062500
2175    -428891.187500
2176    -428892.312500
2177    -428893.500000
2178    -428894.625000
2179    -428895.750000
2180    -428896.937500
2181    -428898.062500
2182    -428899.187500
2183    -428900.312500
2184    -428901.437500
2185    -428902.593750
2186    -428903.687500
2187    -428904.812500
2188    -428905.937500
2189    -428907.062500
2190    -428908.187500
2191    -428909.250000
2192    -428910.375000
2193    -428911.468750
2194    -428912.562500
2195    -428913.687500
2196    -428914.781250
2197    -428915.875000
2198    -428916.937500
2199    -428918.062500
2200    -428919.156250
2201    -428920.250000
2202    -428921.312500
2203    -428922.375000
2204    -428923.500000
2205    -428924.562500
2206    -428925.625000
2207    -428926.718750
2208    -428927.781250
2209    -428928.875000
2210    -428929.937500
2211    -428931.000000
2212    -428932.062500
2213    -428933.125000
2214    -428934.187500
2215    -428935.250000
2216    -428936.281250
2217    -428937.312500
2218    -428938.406250
2219    -428939.437500
2220    -428940.468750
2221    -428941.531250
2222    -428942.562500
2223    -428943.593750
2224    -428944.656250
2225    -428945.687500
2226    -428946.750000
2227    -428947.750000
2228    -428948.812500
2229    -428949.812500
2230    -428950.812500
2231    -428951.875000
2232    -428952.875000
2233    -428953.875000
2234    -428954.906250
2235    -428955.906250
2236    -428956.906250
2237    -428957.937500
2238    -428958.906250
2239    -428959.937500
2240    -428960.937500
2241    -428961.937500
2242    -428962.906250
2243    -428963.937500
2244    -428964.937500
2245    -428965.937500
2246    -428966.937500
2247    -428967.937500
2248    -428968.937500
2249    -428969.906250
2250    -428970.875000
2251    -428971.875000
2252    -428972.875000
2253    -428973.875000
2254    -428974.812500
2255    -428975.812500
2256    -428976.812500
2257    -428977.781250
2258    -428978.718750
2259    -428979.687500
2260    -428980.687500
2261    -428981.625000
2262    -428982.625000
2263    -428983.593750
2264    -428984.562500
2265    -428985.531250
2266    -428986.500000
2267    -428987.468750
2268    -428988.406250
2269    -428989.312500
2270    -428990.281250
2271    -428991.250000
2272    -428992.187500
2273    -428993.156250
2274    -428994.062500
2275    -428995.031250
2276    -428996.000000
2277    -428996.937500
2278    -428997.906250
2279    -428998.843750
2280    -428999.781250
2281    -429000.718750
2282    -429001.687500
2283    -429002.625000
2284    -429003.562500
2285    -429004.531250
2286    -429005.468750
2287    -429006.375000
2288    -429007.375000
2289    -429008.312500
2290    -429009.250000
2291    -429010.187500
2292    -429011.156250
2293    -429012.093750
2294    -429013.031250
2295    -429014.000000
2296    -429014.937500
2297    -429015.875000
2298    -429016.843750
2299    -429017.812500
2300    -429018.750000
2301    -429019.687500
2302    -429020.625000
2303    -429021.562500
2304    -429022.500000
2305    -429023.437500
2306    -429024.406250
2307    -429025.312500
2308    -429026.281250
2309    -429027.218750
2310    -429028.156250
2311    -429029.125000
2312    -429030.062500
2313    -429031.000000
2314    -429031.937500
2315    -429032.875000
2316    -429033.812500
2317    -429034.781250
2318    -429035.718750
2319    -429036.656250
2320    -429037.625000
2321    -429038.562500
2322    -429039.500000
2323    -429040.468750
2324    -429041.437500
2325    -429042.375000
2326    -429043.312500
2327    -429044.281250
2328    -429045.250000
2329    -429046.187500
2330    -429047.125000
2331    -429048.062500
2332    -429049.062500
2333    -429050.031250
2334    -429051.000000
2335    -429051.937500
2336    -429052.937500
2337    -429053.875000
2338    -429054.843750
2339    -429055.781250
2340    -429056.750000
2341    -429057.718750
2342    -429058.687500
2343    -429059.625000
2344    -429060.562500
2345    -429061.531250
2346    -429062.468750
2347    -429063.437500
2348    -429064.406250
2349    -429065.343750
2350    -429066.312500
2351    -429067.250000
2352    -429068.218750
2353    -429069.187500
2354    -429070.125000
2355    -429071.125000
2356    -429072.062500
2357    -429073.062500
2358    -429074.000000
2359    -429074.968750
2360    -429075.937500
2361    -429076.906250
2362    -429077.875000
2363    -429078.812500
2364    -429079.812500
2365    -429080.750000
2366    -429081.718750
2367    -429082.687500
2368    -429083.625000
2369    -429084.625000
2370    -429085.562500
2371    -429086.531250
2372    -429087.468750
2373    -429088.437500
2374    -429089.406250
2375    -429090.375000
2376    -429091.312500
2377    -429092.250000
2378    -429093.250000
2379    -429094.187500
2380    -429095.156250
2381    -429096.093750
2382    -429097.031250
2383    -429098.000000
2384    -429099.000000
2385    -429099.968750
2386    -429100.906250
2387    -429101.875000
2388    -429102.812500
2389    -429103.812500
2390    -429104.750000
2391    -429105.718750
2392    -429106.687500
2393    -429107.656250
2394    -429108.593750
2395    -429109.562500
2396    -429110.531250
2397    -429111.500000
2398    -429112.437500
2399    -429113.406250
2400    -429114.375000
2401    -429115.343750
2402    -429116.312500
2403    -429117.281250
2404    -429118.187500
2405    -429119.156250
2406    -429120.125000
2407    -429121.093750
2408    -429122.062500
2409    -429123.031250
2410    -429123.968750
2411    -429124.937500
2412    -429125.875000
2413    -429126.875000
2414    -429127.812500
2415    -429128.812500
2416    -429129.750000
2417    -429130.687500
2418    -429131.625000
2419    -429132.562500
2420    -429133.562500
2421    -429134.500000
2422    -429135.437500
2423    -429136.375000
2424    -429137.312500
2425    -429138.250000
2426    -429139.218750
2427    -429140.187500
2428    -429141.125000
2429    -429142.031250
2430    -429142.968750
2431    -429143.906250
2432    -429144.812500
2433    -429145.750000
2434    -429146.687500
2435    -429147.562500
2436    -429148.500000
2437    -429149.437500
2438    -429150.312500
2439    -429151.250000
2440    -429152.156250
2441    -429153.062500
2442    -429154.000000
2443    -429154.906250
2444    -429155.812500
2445    -429156.750000
2446    -429157.625000
2447    -429158.500000
2448    -429159.437500
2449    -429160.312500
2450    -429161.250000
2451    -429162.093750
2452    -429163.000000
2453    -429163.906250
2454    -429164.812500
2455    -429165.687500
2456    -429166.562500
2457    -429167.468750
2458    -429168.375000
2459    -429169.250000
2460    -429170.125000
2461    -429171.031250
2462    -429171.937500
2463    -429172.781250
2464    -429173.687500
2465    -429174.562500
2466    -429175.468750
2467    -429176.343750
2468    -429177.218750
2469    -429178.093750
2470    -429178.937500
2471    -429179.812500
2472    -429180.625000
2473    -429181.468750
2474    -429182.312500
2475    -429183.156250
2476    -429184.000000
2477    -429184.812500
2478    -429185.625000
2479    -429186.500000
2480    -429187.312500
2481    -429188.125000
2482    -429188.937500
2483    -429189.750000
2484    -429190.593750
2485    -429191.406250
2486    -429192.250000
2487    -429193.062500
2488    -429193.875000
2489    -429194.687500
2490    -429195.500000
2491    -429196.312500
2492    -429197.125000
2493    -429197.937500
2494    -429198.750000
2495    -429199.562500
2496    -429200.375000
2497    -429201.187500
2498    -429202.000000
2499    -429202.812500
2500    -429203.593750
2501    -429204.406250
2502    -429205.187500
2503    -429206.000000
2504    -429206.781250
2505    -429207.562500
2506    -429208.375000
2507    -429209.125000
2508    -429209.937500
2509    -429210.750000
2510    -429211.531250
2511    -429212.312500
2512    -429213.062500
2513    -429213.812500
2514    -429214.625000
2515    -429215.375000
2516    -429216.125000
2517    -429216.906250
2518    -429217.687500
2519    -429218.437500
2520    -429219.187500
2521    -429219.968750
2522    -429220.687500
2523    -429221.437500
2524    -429222.187500
2525    -429222.937500
2526    -429223.687500
2527    -429224.437500
2528    -429225.218750
2529    -429225.937500
2530    -429226.687500
2531    -429227.437500
2532    -429228.156250
2533    -429228.906250
2534    -429229.625000
2535    -429230.375000
2536    -429231.093750
2537    -429231.812500
2538    -429232.562500
2539    -429233.281250
2540    -429234.000000
2541    -429234.718750
2542    -429235.437500
2543    -429236.156250
2544    -429236.875000
2545    -429237.593750
2546    -429238.312500
2547    -429239.031250
2548    -429239.750000
2549    -429240.468750
2550    -429241.187500
2551    -429241.875000
2552    -429242.562500
2553    -429243.312500
2554    -429244.000000
2555    -429244.687500
2556    -429245.437500
2557    -429246.093750
2558    -429246.812500
2559    -429247.500000
2560    -429248.187500
2561    -429248.906250
2562    -429249.593750
2563    -429250.281250
2564    -429251.000000
2565    -429251.687500
2566    -429252.375000
2567    -429253.062500
2568    -429253.750000
2569    -429254.437500
2570    -429255.125000
2571    -429255.812500
2572    -429256.500000
2573    -429257.187500
2574    -429257.875000
2575    -429258.531250
2576    -429259.218750
2577    -429259.875000
2578    -429260.562500
2579    -429261.250000
2580    -429261.875000
2581    -429262.562500
2582    -429263.250000
2583    -429263.906250
2584    -429264.593750
2585    -429265.250000
2586    -429265.906250
2587    -429266.562500
2588    -429267.250000
2589    -429267.906250
2590    -429268.562500
2591    -429269.218750
2592    -429269.906250
2593    -429270.562500
2594    -429271.187500
2595    -429271.843750
2596    -429272.500000
2597    -429273.156250
2598    -429273.812500
2599    -429274.437500
2600    -429275.093750
2601    -429275.750000
2602    -429276.375000
2603    -429277.000000
2604    -429277.625000
2605    -429278.250000
2606    -429278.906250
2607    -429279.531250
2608    -429280.187500
2609    -429280.812500
2610    -429281.437500
2611    -429282.062500
2612    -429282.687500
2613    -429283.312500
2614    -429283.937500
2615    -429284.531250
2616    -429285.125000
2617    -429285.750000
2618    -429286.375000
2619    -429287.000000
2620    -429287.593750
2621    -429288.187500
2622    -429288.812500
2623    -429289.406250
2624    -429290.031250
2625    -429290.656250
2626    -429291.250000
2627    -429291.875000
2628    -429292.468750
2629    -429293.062500
2630    -429293.687500
2631    -429294.250000
2632    -429294.875000
2633    -429295.468750
2634    -429296.093750
2635    -429296.656250
2636    -429297.250000
2637    -429297.875000
2638    -429298.500000
2639    -429299.062500
2640    -429299.656250
2641    -429300.250000
2642    -429300.843750
2643    -429301.437500
2644    -429302.062500
2645    -429302.656250
2646    -429303.250000
2647    -429303.843750
2648    -429304.437500
2649    -429305.031250
2650    -429305.625000
2651    -429306.218750
2652    -429306.812500
2653    -429307.375000
2654    -429308.000000
2655    -429308.593750
2656    -429309.187500
2657    -429309.750000
2658    -429310.343750
2659    -429310.937500
2660    -429311.531250
2661    -429312.093750
2662    -429312.656250
2663    -429313.218750
2664    -429313.781250
2665    -429314.375000
2666    -429314.875000
2667    -429315.437500
2668    -429316.000000
2669    -429316.562500
2670    -429317.125000
2671    -429317.687500
2672    -429318.250000
2673    -429318.812500
2674    -429319.343750
2675    -429319.906250
2676    -429320.468750
2677    -429321.031250
2678    -429321.593750
2679    -429322.156250
2680    -429322.750000
2681    -429323.281250
2682    -429323.843750
2683    -429324.406250
2684    -429324.937500
2685    -429325.500000
2686    -429326.062500
2687    -429326.593750
2688    -429327.125000
2689    -429327.687500
2690    -429328.218750
2691    -429328.750000
2692    -429329.312500
2693    -429329.875000
2694    -429330.406250
2695    -429330.937500
2696    -429331.531250
2697    -429332.062500
2698    -429332.625000
2699    -429333.156250
2700    -429333.718750
2701    -429334.250000
2702    -429334.812500
2703    -429335.375000
2704    -429335.937500
2705    -429336.500000
2706    -429337.062500
2707    -429337.562500
2708    -429338.156250
2709    -429338.718750
2710    -429339.281250
2711    -429339.812500
2712    -429340.375000
2713    -429340.968750
2714    -429341.531250
2715    -429342.093750
2716    -429342.625000
2717    -429343.218750
2718    -429343.812500
2719    -429344.375000
2720    -429344.906250
2721    -429345.500000
2722    -429346.062500
2723    -429346.625000
2724    -429347.187500
2725    -429347.812500
2726    -429348.343750
2727    -429348.937500
2728    -429349.500000
2729    -429350.062500
2730    -429350.656250
2731    -429351.218750
2732    -429351.781250
2733    -429352.375000
2734    -429352.968750
2735    -429353.531250
2736    -429354.093750
2737    -429354.687500
2738    -429355.250000
2739    -429355.843750
2740    -429356.437500
2741    -429357.000000
2742    -429357.562500
2743    -429358.156250
2744    -429358.750000
2745    -429359.312500
2746    -429359.906250
2747    -429360.500000
2748    -429361.062500
2749    -429361.656250
2750    -429362.250000
2751    -429362.812500
2752    -429363.406250
2753    -429364.000000
2754    -429364.562500
2755    -429365.156250
2756    -429365.750000
2757    -429366.312500
2758    -429366.906250
2759    -429367.468750
2760    -429368.062500
2761    -429368.656250
2762    -429369.250000
2763    -429369.812500
2764    -429370.437500
2765    -429371.000000
2766    -429371.593750
2767    -429372.187500
2768    -429372.781250
2769    -429373.343750
2770    -429373.906250
2771    -429374.500000
2772    -429375.125000
2773    -429375.687500
2774    -429376.250000
2775    -429376.843750
2776    -429377.437500
2777    -429378.000000
2778    -429378.562500
2779    -429379.125000
2780    -429379.718750
2781    -429380.312500
2782    -429380.875000
2783    -429381.468750
2784    -429382.000000
2785    -429382.593750
2786    -429383.187500
2787    -429383.750000
2788    -429384.343750
2789    -429384.937500
2790    -429385.468750
2791    -429386.062500
2792    -429386.625000
2793    -429387.218750
2794    -429387.781250
2795    -429388.343750
2796    -429388.937500
2797    -429389.468750
2798    -429390.031250
2799    -429390.625000
2800    -429391.156250
2801    -429391.718750
2802    -429392.312500
2803    -429392.875000
2804    -429393.406250
2805    -429393.968750
2806    -429394.562500
2807    -429395.093750
2808    -429395.687500
2809    -429396.250000
2810    -429396.750000
2811    -429397.312500
2812    -429397.875000
2813    -429398.437500
2814    -429399.000000
2815    -429399.562500
2816    -429400.125000
2817    -429400.656250
2818    -429401.187500
2819    -429401.750000
2820    -429402.312500
2821    -429402.875000
2822    -429403.437500
2823    -429404.000000
2824    -429404.500000
2825    -429405.031250
2826    -429405.625000
2827    -429406.156250
2828    -429406.687500
2829    -429407.250000
2830    -429407.750000
2831    -429408.312500
2832    -429408.875000
2833    -429409.375000
2834    -429409.906250
2835    -429410.437500
2836    -429410.937500
2837    -429411.468750
2838    -429412.000000
2839    -429412.500000
2840    -429413.000000
2841    -429413.562500
2842    -429414.062500
2843    -429414.562500
2844    -429415.093750
2845    -429415.625000
2846    -429416.125000
2847    -429416.625000
2848    -429417.125000
2849    -429417.656250
2850    -429418.125000
2851    -429418.625000
2852    -429419.125000
2853    -429419.687500
2854    -429420.156250
2855    -429420.687500
2856    -429421.187500
2857    -429421.687500
2858    -429422.187500
2859    -429422.687500
2860    -429423.156250
2861    -429423.687500
2862    -429424.187500
2863    -429424.687500
2864    -429425.156250
2865    -429425.656250
2866    -429426.125000
2867    -429426.625000
2868    -429427.125000
2869    -429427.625000
2870    -429428.062500
2871    -429428.593750
2872    -429429.062500
2873    -429429.562500
2874    -429430.000000
2875    -429430.500000
2876    -429431.000000
2877    -429431.468750
2878    -429431.937500
2879    -429432.437500
2880    -429432.937500
2881    -429433.406250
2882    -429433.875000
2883    -429434.312500
2884    -429434.812500
2885    -429435.250000
2886    -429435.750000
2887    -429436.187500
2888    -429436.625000
2889    -429437.093750
2890    -429437.562500
2891    -429438.000000
2892    -429438.437500
2893    -429438.875000
2894    -429439.312500
2895    -429439.750000
2896    -429440.187500
2897    -429440.625000
2898    -429441.062500
2899    -429441.500000
2900    -429441.937500
2901    -429442.375000
2902    -429442.812500
2903    -429443.218750
2904    -429443.656250
2905    -429444.062500
2906    -429444.500000
2907    -429444.906250
2908    -429445.312500
2909    -429445.750000
2910    -429446.187500
2911    -429446.562500
2912    -429447.000000
2913    -429447.406250
2914    -429447.843750
2915    -429448.250000
2916    -429448.656250
2917    -429449.031250
2918    -429449.468750
2919    -429449.875000
2920    -429450.250000
2921    -429450.687500
2922    -429451.062500
2923    -429451.500000
2924    -429451.906250
2925    -429452.312500
2926    -429452.687500
2927    -429453.125000
2928    -429453.531250
2929    -429453.937500
2930    -429454.343750
2931    -429454.750000
2932    -429455.125000
2933    -429455.531250
2934    -429455.937500
2935    -429456.375000
2936    -429456.750000
2937    -429457.125000
2938    -429457.562500
2939    -429457.937500
2940    -429458.312500
2941    -429458.750000
2942    -429459.125000
2943    -429459.531250
2944    -429459.906250
2945    -429460.312500
2946    -429460.718750
2947    -429461.093750
2948    -429461.500000
2949    -429461.875000
2950    -429462.281250
2951    -429462.687500
2952    -429463.062500
2953    -429463.468750
2954    -429463.843750
2955    -429464.250000
2956    -429464.625000
2957    -429465.031250
2958    -429465.406250
2959    -429465.812500
2960    -429466.187500
2961    -429466.562500
2962    -429466.937500
2963    -429467.343750
2964    -429467.687500
2965    -429468.125000
2966    -429468.500000
2967    -429468.875000
2968    -429469.281250
2969    -429469.656250
2970    -429470.062500
2971    -429470.406250
2972    -429470.843750
2973    -429471.187500
2974    -429471.562500
2975    -429471.937500
2976    -429472.343750
2977    -429472.750000
2978    -429473.125000
2979    -429473.500000
2980    -429473.906250
2981    -429474.312500
2982    -429474.687500
