1_data_1000
-1.89388e+04 -1.80876e+04 -1.85997e+04 -1.99509e+04 -1.82058e+04 
-1.92393e+04 -1.84470e+04 -1.91001e+04 -2.02260e+04 -1.84788e+04 
-1.94503e+04 -1.87105e+04 -1.92344e+04 -2.04384e+04 -1.86164e+04 
-1.98138e+04 -1.88705e+04 -1.93912e+04 -2.06663e+04 -1.86731e+04 
-1.98269e+04 -1.89543e+04 -1.94647e+04 -2.07937e+04 -1.87418e+04 
-1.98331e+04 -1.89543e+04 -1.95144e+04 -2.07937e+04 -1.87973e+04 

2_data_6000
-2.68301e+05 -2.69244e+05 -2.72162e+05 -2.65462e+05 -2.57680e+05 
-2.74120e+05 -2.74661e+05 -2.77343e+05 -2.69633e+05 -2.64123e+05 
-2.77170e+05 -2.78168e+05 -2.80927e+05 -2.71521e+05 -2.67916e+05 
-2.79570e+05 -2.82224e+05 -2.84580e+05 -2.74051e+05 -2.70605e+05 
-2.81534e+05 -2.82493e+05 -2.85857e+05 -2.76354e+05 -2.71999e+05 
-2.82135e+05 -2.82912e+05 -2.86397e+05 -2.76660e+05 -2.73201e+05 

3_data_25000
-2.26526e+06 -2.22514e+06 -2.26404e+06 -2.26368e+06 -2.27186e+06 
-2.31372e+06 -2.27851e+06 -2.31164e+06 -2.30931e+06 -2.31928e+06 
-2.34570e+06 -2.31101e+06 -2.34564e+06 -2.34009e+06 -2.34966e+06 
-2.37307e+06 -2.33943e+06 -2.37662e+06 -2.37475e+06 -2.38589e+06 
-2.38298e+06 -2.35122e+06 -2.38482e+06 -2.38424e+06 -2.39297e+06 
-2.38742e+06 -2.35586e+06 -2.39221e+06 -2.38998e+06 -2.39498e+06 


