Step            Loss
--------------------
1        -111.519775
2        -164.944702
3        -218.367981
4        -271.790771
5        -325.212219
6        -378.633606
7        -432.055908
8        -485.480743
9        -538.910278
10       -592.346497
11       -645.791931
12       -699.249207
13       -752.719849
14       -806.206665
15       -859.711670
16       -913.236694
17       -966.784180
18      -1020.356262
19      -1073.954346
20      -1127.581299
21      -1181.238525
22      -1234.928711
23      -1288.653687
24      -1342.415894
25      -1396.217651
26      -1450.061035
27      -1503.948364
28      -1557.882568
29      -1611.865601
30      -1665.900146
31      -1719.988525
32      -1774.132690
33      -1828.336426
34      -1882.600952
35      -1936.929199
36      -1991.323608
37      -2045.786987
38      -2100.320801
39      -2154.927734
40      -2209.610840
41      -2264.371582
42      -2319.212646
43      -2374.136475
44      -2429.144531
45      -2484.239990
46      -2539.424561
47      -2594.700195
48      -2650.069092
49      -2705.533936
50      -2761.095703
51      -2816.756836
52      -2872.519775
53      -2928.385742
54      -2984.356934
55      -3040.434570
56      -3096.621094
57      -3152.917969
58      -3209.326660
59      -3265.849365
60      -3322.487061
61      -3379.241699
62      -3436.114746
63      -3493.107666
64      -3550.221191
65      -3607.457275
66      -3664.817383
67      -3722.302734
68      -3779.914062
69      -3837.652344
70      -3895.519531
71      -3953.515869
72      -4011.643066
73      -4069.901611
74      -4128.291992
75      -4186.815430
76      -4245.473633
77      -4304.265625
78      -4363.193359
79      -4422.256836
80      -4481.457031
81      -4540.794434
82      -4600.269531
83      -4659.882324
84      -4719.633301
85      -4779.523438
86      -4839.552734
87      -4899.719727
88      -4960.027344
89      -5020.474609
90      -5081.061523
91      -5141.787109
92      -5202.652832
93      -5263.659180
94      -5324.803711
95      -5386.087891
96      -5447.512207
97      -5509.074219
98      -5570.776367
99      -5632.616211
100     -5694.593750
101     -5756.708984
102     -5818.961426
103     -5881.350586
104     -5943.876953
105     -6006.537598
106     -6069.333984
107     -6132.264648
108     -6195.328613
109     -6258.525879
110     -6321.855469
111     -6385.316406
112     -6448.908203
113     -6512.629883
114     -6576.479492
115     -6640.457031
116     -6704.525391
117     -6768.719727
118     -6833.040039
119     -6897.483398
120     -6962.048828
121     -7026.737305
122     -7091.544922
123     -7156.473145
124     -7221.518555
125     -7286.681152
126     -7351.959473
127     -7417.351562
128     -7482.856934
129     -7548.473633
130     -7614.201172
131     -7680.037109
132     -7745.980469
133     -7812.030273
134     -7878.184082
135     -7944.441406
136     -8010.799805
137     -8077.257812
138     -8143.814941
139     -8210.468750
140     -8277.217773
141     -8344.060547
142     -8410.995117
143     -8478.020508
144     -8545.133789
145     -8612.334961
146     -8679.621094
147     -8746.990234
148     -8814.442383
149     -8881.974609
150     -8949.583984
151     -9017.271484
152     -9085.032227
153     -9152.866211
154     -9220.771484
155     -9288.747070
156     -9356.779297
157     -9424.833008
158     -9492.951172
159     -9561.130859
160     -9629.369141
161     -9697.666016
162     -9766.019531
163     -9834.425781
164     -9902.883789
165     -9971.392578
166     -10039.949219
167     -10108.551758
168     -10177.198242
169     -10245.886719
170     -10314.617188
171     -10383.383789
172     -10452.188477
173     -10521.025391
174     -10589.896484
175     -10658.796875
176     -10727.724609
177     -10796.680664
178     -10865.659180
179     -10934.660156
180     -11003.681641
181     -11072.721680
182     -11141.777344
183     -11210.847656
184     -11279.928711
185     -11349.021484
186     -11418.121094
187     -11487.226562
188     -11556.337891
189     -11625.448242
190     -11694.559570
191     -11763.669922
192     -11832.774414
193     -11901.874023
194     -11970.964844
195     -12040.045898
196     -12109.113281
197     -12178.167969
198     -12247.206055
199     -12316.224609
200     -12385.224609
201     -12454.201172
202     -12523.152344
203     -12592.079102
204     -12660.976562
205     -12729.843750
206     -12798.678711
207     -12867.479492
208     -12936.244141
209     -13004.970703
210     -13073.656250
211     -13142.300781
212     -13210.900391
213     -13279.455078
214     -13347.960938
215     -13416.417969
216     -13484.821289
217     -13553.172852
218     -13621.468750
219     -13689.707031
220     -13757.886719
221     -13826.003906
222     -13894.058594
223     -13962.050781
224     -14029.974609
225     -14097.826172
226     -14165.589844
227     -14233.281250
228     -14300.899414
229     -14368.441406
230     -14435.907227
231     -14503.273438
232     -14570.536133
233     -14637.711914
234     -14704.787109
235     -14771.776367
236     -14838.677734
237     -14905.492188
238     -14972.197266
239     -15038.794922
240     -15105.298828
241     -15171.707031
242     -15238.017578
243     -15304.230469
244     -15370.343750
245     -15436.353516
246     -15502.261719
247     -15568.063477
248     -15633.761719
249     -15699.349609
250     -15764.813477
251     -15830.166016
252     -15895.407227
253     -15960.536133
254     -16025.548828
255     -16090.445312
256     -16155.226562
257     -16219.886719
258     -16284.427734
259     -16348.847656
260     -16413.144531
261     -16477.320312
262     -16541.339844
263     -16605.203125
264     -16668.941406
265     -16732.546875
266     -16795.970703
267     -16859.242188
268     -16922.382812
269     -16985.337891
270     -17048.113281
271     -17110.753906
272     -17173.261719
273     -17235.628906
274     -17297.839844
275     -17359.910156
276     -17421.839844
277     -17483.605469
278     -17545.232422
279     -17606.714844
280     -17668.050781
281     -17729.246094
282     -17790.292969
283     -17851.195312
284     -17911.941406
285     -17972.519531
286     -18032.941406
287     -18093.203125
288     -18153.291016
289     -18213.203125
290     -18272.906250
291     -18332.457031
292     -18391.853516
293     -18451.085938
294     -18510.109375
295     -18568.968750
296     -18627.667969
297     -18686.208984
298     -18744.587891
299     -18802.785156
300     -18860.781250
301     -18918.585938
302     -18976.195312
303     -19033.644531
304     -19090.933594
305     -19147.996094
306     -19204.876953
307     -19261.591797
308     -19318.113281
309     -19374.445312
310     -19430.621094
311     -19486.628906
312     -19542.476562
313     -19598.117188
314     -19653.560547
315     -19708.828125
316     -19763.919922
317     -19818.818359
318     -19873.546875
319     -19928.054688
320     -19982.375000
321     -20036.521484
322     -20090.500000
323     -20144.292969
324     -20197.890625
325     -20251.304688
326     -20304.550781
327     -20357.630859
328     -20410.542969
329     -20463.289062
330     -20515.863281
331     -20568.228516
332     -20620.388672
333     -20672.371094
334     -20724.140625
335     -20775.609375
336     -20826.894531
337     -20877.992188
338     -20928.902344
339     -20979.593750
340     -21030.019531
341     -21080.248047
342     -21130.261719
343     -21180.101562
344     -21229.716797
345     -21279.144531
346     -21328.382812
347     -21377.410156
348     -21426.246094
349     -21474.878906
350     -21523.312500
351     -21571.548828
352     -21619.605469
353     -21667.390625
354     -21714.933594
355     -21762.253906
356     -21809.408203
357     -21856.398438
358     -21903.205078
359     -21949.812500
360     -21996.146484
361     -22042.304688
362     -22088.298828
363     -22134.097656
364     -22179.730469
365     -22225.046875
366     -22270.183594
367     -22315.107422
368     -22359.728516
369     -22404.058594
370     -22448.167969
371     -22491.953125
372     -22535.539062
373     -22578.929688
374     -22622.117188
375     -22665.107422
376     -22707.898438
377     -22750.519531
378     -22792.917969
379     -22835.111328
380     -22877.072266
381     -22918.787109
382     -22960.296875
383     -23001.539062
384     -23042.552734
385     -23083.390625
386     -23124.017578
387     -23164.492188
388     -23204.816406
389     -23244.957031
390     -23284.933594
391     -23324.720703
392     -23364.355469
393     -23403.728516
394     -23442.882812
395     -23481.828125
396     -23520.464844
397     -23558.824219
398     -23596.867188
399     -23634.695312
400     -23672.367188
401     -23709.867188
402     -23747.203125
403     -23784.351562
404     -23821.328125
405     -23858.091797
406     -23894.640625
407     -23930.982422
408     -23967.144531
409     -24003.125000
410     -24038.929688
411     -24074.464844
412     -24109.761719
413     -24144.859375
414     -24179.789062
415     -24214.550781
416     -24249.011719
417     -24283.212891
418     -24317.191406
419     -24350.978516
420     -24384.558594
421     -24417.992188
422     -24451.226562
423     -24484.236328
424     -24517.058594
425     -24549.662109
426     -24582.113281
427     -24614.292969
428     -24646.253906
429     -24678.011719
430     -24709.558594
431     -24740.839844
432     -24771.916016
433     -24802.816406
434     -24833.580078
435     -24864.210938
436     -24894.697266
437     -24924.966797
438     -24955.015625
439     -24984.867188
440     -25014.554688
441     -25043.921875
442     -25073.113281
443     -25102.105469
444     -25130.878906
445     -25159.486328
446     -25187.978516
447     -25216.326172
448     -25244.539062
449     -25272.640625
450     -25300.531250
451     -25328.224609
452     -25355.640625
453     -25382.792969
454     -25409.599609
455     -25436.101562
456     -25462.429688
457     -25488.652344
458     -25514.775391
459     -25540.742188
460     -25566.542969
461     -25592.246094
462     -25617.775391
463     -25643.091797
464     -25668.253906
465     -25693.292969
466     -25718.082031
467     -25742.683594
468     -25767.087891
469     -25791.308594
470     -25815.380859
471     -25839.302734
472     -25863.042969
473     -25886.578125
474     -25909.896484
475     -25933.023438
476     -25955.949219
477     -25978.742188
478     -26001.355469
479     -26023.730469
480     -26045.986328
481     -26068.121094
482     -26090.173828
483     -26112.113281
484     -26133.939453
485     -26155.667969
486     -26177.289062
487     -26198.789062
488     -26220.085938
489     -26241.238281
490     -26262.226562
491     -26283.082031
492     -26303.822266
493     -26324.380859
494     -26344.734375
495     -26364.878906
496     -26384.867188
497     -26404.582031
498     -26424.144531
499     -26443.609375
500     -26462.960938
501     -26482.166016
502     -26501.203125
503     -26520.085938
504     -26538.865234
505     -26557.523438
506     -26575.992188
507     -26594.257812
508     -26612.410156
509     -26630.410156
510     -26648.289062
511     -26666.000000
512     -26683.513672
513     -26700.843750
514     -26717.980469
515     -26735.017578
516     -26751.974609
517     -26768.828125
518     -26785.603516
519     -26802.302734
520     -26818.894531
521     -26835.324219
522     -26851.589844
523     -26867.755859
524     -26883.812500
525     -26899.667969
526     -26915.183594
527     -26930.550781
528     -26945.789062
529     -26960.945312
530     -26975.914062
531     -26990.751953
532     -27005.488281
533     -27020.101562
534     -27034.527344
535     -27048.847656
536     -27063.064453
537     -27077.199219
538     -27091.220703
539     -27105.164062
540     -27119.035156
541     -27132.759766
542     -27146.351562
543     -27159.777344
544     -27173.035156
545     -27186.132812
546     -27199.171875
547     -27212.113281
548     -27224.980469
549     -27237.792969
550     -27250.498047
551     -27263.078125
552     -27275.591797
553     -27288.031250
554     -27300.316406
555     -27312.406250
556     -27324.330078
557     -27336.152344
558     -27347.894531
559     -27359.535156
560     -27371.056641
561     -27382.492188
562     -27393.843750
563     -27405.074219
564     -27416.164062
565     -27427.062500
566     -27437.843750
567     -27448.585938
568     -27459.273438
569     -27469.894531
570     -27480.460938
571     -27490.937500
572     -27501.371094
573     -27511.697266
574     -27521.949219
575     -27532.117188
576     -27542.160156
577     -27552.000000
578     -27561.605469
579     -27571.121094
580     -27580.595703
581     -27590.007812
582     -27599.257812
583     -27608.246094
584     -27617.128906
585     -27625.945312
586     -27634.691406
587     -27643.365234
588     -27652.005859
589     -27660.503906
590     -27668.935547
591     -27677.339844
592     -27685.660156
593     -27693.906250
594     -27702.105469
595     -27710.253906
596     -27718.279297
597     -27726.191406
598     -27734.035156
599     -27741.800781
600     -27749.507812
601     -27757.171875
602     -27764.794922
603     -27772.273438
604     -27779.689453
605     -27787.054688
606     -27794.355469
607     -27801.605469
608     -27808.703125
609     -27815.730469
610     -27822.710938
611     -27829.644531
612     -27836.552734
613     -27843.417969
614     -27850.183594
615     -27856.871094
616     -27863.492188
617     -27870.035156
618     -27876.519531
619     -27882.964844
620     -27889.375000
621     -27895.712891
622     -27901.970703
623     -27908.121094
624     -27914.199219
625     -27920.234375
626     -27926.255859
627     -27932.246094
628     -27938.199219
629     -27944.136719
630     -27950.054688
631     -27955.949219
632     -27961.818359
633     -27967.628906
634     -27973.410156
635     -27979.173828
636     -27984.921875
637     -27990.640625
638     -27996.316406
639     -28001.966797
640     -28007.593750
641     -28013.183594
642     -28018.740234
643     -28024.228516
644     -28029.589844
645     -28034.906250
646     -28040.199219
647     -28045.466797
648     -28050.722656
649     -28055.953125
650     -28061.162109
651     -28066.333984
652     -28071.480469
653     -28076.589844
654     -28081.638672
655     -28086.640625
656     -28091.621094
657     -28096.566406
658     -28101.472656
659     -28106.361328
660     -28111.240234
661     -28116.074219
662     -28120.867188
663     -28125.609375
664     -28130.308594
665     -28134.970703
666     -28139.607422
667     -28144.230469
668     -28148.808594
669     -28153.361328
670     -28157.867188
671     -28162.339844
672     -28166.792969
673     -28171.212891
674     -28175.621094
675     -28179.953125
676     -28184.255859
677     -28188.460938
678     -28192.638672
679     -28196.792969
680     -28200.929688
681     -28205.058594
682     -28209.156250
683     -28213.226562
684     -28217.285156
685     -28221.328125
686     -28225.363281
687     -28229.386719
688     -28233.384766
689     -28237.353516
690     -28241.296875
691     -28245.224609
692     -28249.101562
693     -28252.964844
694     -28256.785156
695     -28260.587891
696     -28264.328125
697     -28267.984375
698     -28271.591797
699     -28275.148438
700     -28278.673828
701     -28282.191406
702     -28285.697266
703     -28289.183594
704     -28292.664062
705     -28296.123047
706     -28299.562500
707     -28302.992188
708     -28306.406250
709     -28309.789062
710     -28313.144531
711     -28316.480469
712     -28319.789062
713     -28323.074219
714     -28326.343750
715     -28329.597656
716     -28332.804688
717     -28335.925781
718     -28338.941406
719     -28341.939453
720     -28344.929688
721     -28347.910156
722     -28350.835938
723     -28353.738281
724     -28356.626953
725     -28359.500000
726     -28362.347656
727     -28365.175781
728     -28368.000000
729     -28370.812500
730     -28373.599609
731     -28376.382812
732     -28379.140625
733     -28381.886719
734     -28384.613281
735     -28387.316406
736     -28390.005859
737     -28392.667969
738     -28395.304688
739     -28397.925781
740     -28400.529297
741     -28403.097656
742     -28405.640625
743     -28408.177734
744     -28410.708984
745     -28413.238281
746     -28415.755859
747     -28418.230469
748     -28420.691406
749     -28423.144531
750     -28425.585938
751     -28428.005859
752     -28430.406250
753     -28432.802734
754     -28435.195312
755     -28437.574219
756     -28439.947266
757     -28442.312500
758     -28444.664062
759     -28446.998047
760     -28449.291016
761     -28451.562500
762     -28453.832031
763     -28456.095703
764     -28458.355469
765     -28460.583984
766     -28462.789062
767     -28464.960938
768     -28467.109375
769     -28469.238281
770     -28471.355469
771     -28473.466797
772     -28475.574219
773     -28477.679688
774     -28479.773438
775     -28481.847656
776     -28483.910156
777     -28485.964844
778     -28488.007812
779     -28490.035156
780     -28492.052734
781     -28494.064453
782     -28496.054688
783     -28498.039062
784     -28500.019531
785     -28501.990234
786     -28503.945312
787     -28505.896484
788     -28507.839844
789     -28509.781250
790     -28511.714844
791     -28513.632812
792     -28515.539062
793     -28517.433594
794     -28519.324219
795     -28521.203125
796     -28523.074219
797     -28524.941406
798     -28526.804688
799     -28528.658203
800     -28530.507812
801     -28532.347656
802     -28534.181641
803     -28536.013672
804     -28537.832031
805     -28539.636719
806     -28541.429688
807     -28543.207031
808     -28544.953125
809     -28546.693359
810     -28548.431641
811     -28550.166016
812     -28551.898438
813     -28553.628906
814     -28555.355469
815     -28557.080078
816     -28558.800781
817     -28560.519531
818     -28562.234375
819     -28563.949219
820     -28565.660156
821     -28567.359375
822     -28569.052734
823     -28570.740234
824     -28572.425781
825     -28574.109375
826     -28575.789062
827     -28577.464844
828     -28579.142578
829     -28580.814453
830     -28582.472656
831     -28584.105469
832     -28585.734375
833     -28587.363281
834     -28588.984375
835     -28590.597656
836     -28592.207031
837     -28593.785156
838     -28595.335938
839     -28596.867188
840     -28598.384766
841     -28599.886719
842     -28601.382812
843     -28602.867188
844     -28604.345703
845     -28605.822266
846     -28607.277344
847     -28608.728516
848     -28610.175781
849     -28611.615234
850     -28613.050781
851     -28614.484375
852     -28615.917969
853     -28617.343750
854     -28618.763672
855     -28620.179688
856     -28621.593750
857     -28622.992188
858     -28624.386719
859     -28625.773438
860     -28627.144531
861     -28628.501953
862     -28629.855469
863     -28631.207031
864     -28632.554688
865     -28633.882812
866     -28635.207031
867     -28636.527344
868     -28637.847656
869     -28639.167969
870     -28640.482422
871     -28641.796875
872     -28643.105469
873     -28644.414062
874     -28645.710938
875     -28646.992188
876     -28648.271484
877     -28649.546875
878     -28650.820312
879     -28652.093750
880     -28653.363281
881     -28654.632812
882     -28655.896484
883     -28657.160156
884     -28658.421875
885     -28659.675781
886     -28660.902344
887     -28662.113281
888     -28663.324219
889     -28664.531250
890     -28665.738281
891     -28666.937500
892     -28668.138672
893     -28669.337891
894     -28670.535156
895     -28671.726562
896     -28672.910156
897     -28674.082031
898     -28675.246094
899     -28676.410156
900     -28677.570312
901     -28678.732422
902     -28679.871094
903     -28680.996094
904     -28682.113281
905     -28683.214844
906     -28684.314453
907     -28685.406250
908     -28686.496094
909     -28687.583984
910     -28688.667969
911     -28689.753906
912     -28690.833984
913     -28691.914062
914     -28692.992188
915     -28694.066406
916     -28695.140625
917     -28696.210938
918     -28697.281250
919     -28698.339844
920     -28699.392578
921     -28700.447266
922     -28701.496094
923     -28702.537109
924     -28703.578125
925     -28704.613281
926     -28705.640625
927     -28706.669922
928     -28707.693359
929     -28708.695312
930     -28709.689453
931     -28710.664062
932     -28711.626953
933     -28712.574219
934     -28713.519531
935     -28714.464844
936     -28715.408203
937     -28716.349609
938     -28717.289062
939     -28718.224609
940     -28719.154297
941     -28720.074219
942     -28720.996094
943     -28721.912109
944     -28722.828125
945     -28723.740234
946     -28724.650391
947     -28725.560547
948     -28726.466797
949     -28727.371094
950     -28728.269531
951     -28729.166016
952     -28730.054688
953     -28730.937500
954     -28731.816406
955     -28732.695312
956     -28733.568359
957     -28734.441406
958     -28735.310547
959     -28736.175781
960     -28737.039062
961     -28737.902344
962     -28738.759766
963     -28739.611328
964     -28740.457031
965     -28741.304688
966     -28742.144531
967     -28742.984375
968     -28743.824219
969     -28744.660156
970     -28745.496094
971     -28746.328125
972     -28747.160156
973     -28747.986328
974     -28748.814453
975     -28749.636719
976     -28750.458984
977     -28751.279297
978     -28752.097656
979     -28752.914062
980     -28753.724609
981     -28754.539062
982     -28755.343750
983     -28756.148438
984     -28756.949219
985     -28757.744141
986     -28758.539062
987     -28759.324219
988     -28760.105469
989     -28760.884766
990     -28761.662109
991     -28762.437500
992     -28763.208984
993     -28763.976562
994     -28764.738281
995     -28765.501953
996     -28766.261719
997     -28767.021484
998     -28767.777344
999     -28768.533203
1000    -28769.285156
1001    -28770.037109
1002    -28770.789062
1003    -28771.535156
1004    -28772.281250
1005    -28773.027344
1006    -28773.769531
1007    -28774.511719
1008    -28775.251953
1009    -28775.990234
1010    -28776.726562
1011    -28777.460938
1012    -28778.193359
1013    -28778.923828
1014    -28779.654297
1015    -28780.382812
1016    -28781.109375
1017    -28781.835938
1018    -28782.558594
1019    -28783.279297
1020    -28784.000000
1021    -28784.718750
1022    -28785.433594
1023    -28786.148438
1024    -28786.863281
1025    -28787.576172
1026    -28788.285156
1027    -28788.996094
1028    -28789.703125
1029    -28790.410156
1030    -28791.113281
1031    -28791.816406
1032    -28792.519531
1033    -28793.212891
1034    -28793.902344
1035    -28794.589844
1036    -28795.277344
1037    -28795.964844
1038    -28796.648438
1039    -28797.332031
1040    -28798.007812
1041    -28798.679688
1042    -28799.347656
1043    -28800.019531
1044    -28800.679688
1045    -28801.332031
1046    -28801.984375
1047    -28802.632812
1048    -28803.281250
1049    -28803.929688
1050    -28804.578125
1051    -28805.222656
1052    -28805.865234
1053    -28806.507812
1054    -28807.148438
1055    -28807.789062
1056    -28808.427734
1057    -28809.066406
1058    -28809.703125
1059    -28810.337891
1060    -28810.968750
1061    -28811.597656
1062    -28812.222656
1063    -28812.845703
1064    -28813.466797
1065    -28814.083984
1066    -28814.695312
1067    -28815.308594
1068    -28815.917969
1069    -28816.525391
1070    -28817.132812
1071    -28817.738281
1072    -28818.343750
1073    -28818.945312
1074    -28819.548828
1075    -28820.148438
1076    -28820.750000
1077    -28821.349609
1078    -28821.949219
1079    -28822.546875
1080    -28823.140625
1081    -28823.736328
1082    -28824.332031
1083    -28824.923828
1084    -28825.515625
1085    -28826.107422
1086    -28826.697266
1087    -28827.281250
1088    -28827.859375
1089    -28828.435547
1090    -28829.013672
1091    -28829.589844
1092    -28830.164062
1093    -28830.738281
1094    -28831.312500
1095    -28831.882812
1096    -28832.457031
1097    -28833.025391
1098    -28833.595703
1099    -28834.160156
1100    -28834.724609
1101    -28835.289062
1102    -28835.853516
1103    -28836.414062
1104    -28836.976562
1105    -28837.539062
1106    -28838.097656
1107    -28838.658203
1108    -28839.214844
1109    -28839.773438
1110    -28840.330078
1111    -28840.884766
1112    -28841.439453
1113    -28841.994141
1114    -28842.544922
1115    -28843.093750
1116    -28843.640625
1117    -28844.187500
1118    -28844.734375
1119    -28845.281250
1120    -28845.824219
1121    -28846.369141
1122    -28846.910156
1123    -28847.443359
1124    -28847.974609
1125    -28848.505859
1126    -28849.031250
1127    -28849.554688
1128    -28850.072266
1129    -28850.583984
1130    -28851.089844
1131    -28851.587891
1132    -28852.080078
1133    -28852.570312
1134    -28853.058594
1135    -28853.541016
1136    -28854.019531
1137    -28854.496094
1138    -28854.972656
1139    -28855.447266
1140    -28855.917969
1141    -28856.388672
1142    -28856.859375
1143    -28857.328125
1144    -28857.796875
1145    -28858.263672
1146    -28858.730469
1147    -28859.195312
1148    -28859.662109
1149    -28860.128906
1150    -28860.593750
1151    -28861.056641
1152    -28861.519531
1153    -28861.976562
1154    -28862.427734
1155    -28862.867188
1156    -28863.308594
1157    -28863.748047
1158    -28864.185547
1159    -28864.625000
1160    -28865.058594
1161    -28865.490234
1162    -28865.923828
1163    -28866.355469
1164    -28866.785156
1165    -28867.218750
1166    -28867.648438
1167    -28868.076172
1168    -28868.507812
1169    -28868.935547
1170    -28869.363281
1171    -28869.789062
1172    -28870.214844
1173    -28870.640625
1174    -28871.064453
1175    -28871.488281
1176    -28871.910156
1177    -28872.332031
1178    -28872.753906
1179    -28873.175781
1180    -28873.593750
1181    -28874.015625
1182    -28874.433594
1183    -28874.851562
1184    -28875.271484
1185    -28875.687500
1186    -28876.105469
1187    -28876.519531
1188    -28876.937500
1189    -28877.351562
1190    -28877.763672
1191    -28878.173828
1192    -28878.582031
1193    -28878.992188
1194    -28879.400391
1195    -28879.808594
1196    -28880.214844
1197    -28880.617188
1198    -28881.023438
1199    -28881.425781
1200    -28881.828125
1201    -28882.228516
1202    -28882.632812
1203    -28883.033203
1204    -28883.429688
1205    -28883.826172
1206    -28884.220703
1207    -28884.617188
1208    -28885.011719
1209    -28885.406250
1210    -28885.798828
1211    -28886.191406
1212    -28886.585938
1213    -28886.976562
1214    -28887.367188
1215    -28887.757812
1216    -28888.148438
1217    -28888.539062
1218    -28888.925781
1219    -28889.316406
1220    -28889.701172
1221    -28890.087891
1222    -28890.476562
1223    -28890.859375
1224    -28891.246094
1225    -28891.628906
1226    -28892.011719
1227    -28892.394531
1228    -28892.777344
1229    -28893.160156
1230    -28893.541016
1231    -28893.919922
1232    -28894.300781
1233    -28894.679688
1234    -28895.058594
1235    -28895.433594
1236    -28895.808594
1237    -28896.183594
1238    -28896.554688
1239    -28896.929688
1240    -28897.300781
1241    -28897.671875
1242    -28898.042969
1243    -28898.414062
1244    -28898.781250
1245    -28899.150391
1246    -28899.519531
1247    -28899.884766
1248    -28900.250000
1249    -28900.597656
1250    -28900.947266
1251    -28901.292969
1252    -28901.632812
1253    -28901.970703
1254    -28902.308594
1255    -28902.646484
1256    -28902.984375
1257    -28903.320312
1258    -28903.656250
1259    -28903.992188
1260    -28904.326172
1261    -28904.660156
1262    -28904.994141
1263    -28905.326172
1264    -28905.656250
1265    -28905.988281
1266    -28906.316406
1267    -28906.644531
1268    -28906.968750
1269    -28907.292969
1270    -28907.617188
1271    -28907.941406
1272    -28908.265625
1273    -28908.587891
1274    -28908.908203
1275    -28909.228516
1276    -28909.550781
1277    -28909.865234
1278    -28910.179688
1279    -28910.492188
1280    -28910.804688
1281    -28911.117188
1282    -28911.427734
1283    -28911.738281
1284    -28912.050781
1285    -28912.359375
1286    -28912.667969
1287    -28912.978516
1288    -28913.285156
1289    -28913.593750
1290    -28913.902344
1291    -28914.207031
1292    -28914.515625
1293    -28914.818359
1294    -28915.117188
1295    -28915.414062
1296    -28915.703125
1297    -28915.992188
1298    -28916.283203
1299    -28916.568359
1300    -28916.855469
1301    -28917.144531
1302    -28917.429688
1303    -28917.714844
1304    -28918.000000
1305    -28918.283203
1306    -28918.568359
1307    -28918.851562
1308    -28919.134766
1309    -28919.417969
1310    -28919.697266
1311    -28919.978516
1312    -28920.259766
1313    -28920.539062
1314    -28920.820312
1315    -28921.097656
1316    -28921.376953
1317    -28921.656250
1318    -28921.933594
1319    -28922.207031
1320    -28922.472656
1321    -28922.734375
1322    -28922.998047
1323    -28923.261719
1324    -28923.525391
1325    -28923.787109
1326    -28924.048828
1327    -28924.308594
1328    -28924.570312
1329    -28924.830078
1330    -28925.089844
1331    -28925.347656
1332    -28925.607422
1333    -28925.867188
1334    -28926.125000
1335    -28926.380859
1336    -28926.636719
1337    -28926.894531
1338    -28927.146484
1339    -28927.402344
1340    -28927.654297
1341    -28927.904297
1342    -28928.152344
1343    -28928.398438
1344    -28928.644531
1345    -28928.890625
1346    -28929.136719
1347    -28929.382812
1348    -28929.628906
1349    -28929.871094
1350    -28930.115234
1351    -28930.359375
1352    -28930.601562
1353    -28930.843750
1354    -28931.087891
1355    -28931.328125
1356    -28931.568359
1357    -28931.808594
1358    -28932.048828
1359    -28932.289062
1360    -28932.527344
1361    -28932.765625
1362    -28933.003906
1363    -28933.242188
1364    -28933.478516
1365    -28933.714844
1366    -28933.953125
1367    -28934.187500
1368    -28934.421875
1369    -28934.656250
1370    -28934.890625
1371    -28935.125000
1372    -28935.357422
1373    -28935.589844
1374    -28935.820312
1375    -28936.054688
1376    -28936.285156
1377    -28936.515625
1378    -28936.746094
1379    -28936.974609
1380    -28937.203125
1381    -28937.433594
1382    -28937.660156
1383    -28937.888672
1384    -28938.115234
1385    -28938.341797
1386    -28938.568359
1387    -28938.792969
1388    -28939.019531
1389    -28939.244141
1390    -28939.464844
1391    -28939.689453
1392    -28939.912109
1393    -28940.136719
1394    -28940.357422
1395    -28940.578125
1396    -28940.796875
1397    -28941.019531
1398    -28941.238281
1399    -28941.460938
1400    -28941.675781
1401    -28941.896484
1402    -28942.113281
1403    -28942.332031
1404    -28942.546875
1405    -28942.761719
1406    -28942.976562
1407    -28943.189453
1408    -28943.404297
1409    -28943.617188
1410    -28943.828125
1411    -28944.041016
1412    -28944.253906
1413    -28944.462891
1414    -28944.673828
1415    -28944.882812
1416    -28945.093750
1417    -28945.300781
1418    -28945.507812
1419    -28945.712891
1420    -28945.916016
1421    -28946.119141
1422    -28946.322266
1423    -28946.523438
1424    -28946.726562
1425    -28946.925781
1426    -28947.125000
1427    -28947.324219
1428    -28947.527344
1429    -28947.722656
1430    -28947.921875
1431    -28948.119141
1432    -28948.316406
1433    -28948.513672
1434    -28948.708984
1435    -28948.906250
1436    -28949.099609
1437    -28949.294922
1438    -28949.488281
1439    -28949.683594
1440    -28949.875000
1441    -28950.066406
1442    -28950.257812
1443    -28950.451172
1444    -28950.642578
1445    -28950.832031
1446    -28951.021484
1447    -28951.210938
1448    -28951.398438
1449    -28951.587891
1450    -28951.777344
1451    -28951.960938
1452    -28952.148438
1453    -28952.335938
1454    -28952.521484
1455    -28952.707031
1456    -28952.890625
1457    -28953.074219
1458    -28953.257812
1459    -28953.441406
1460    -28953.625000
1461    -28953.808594
1462    -28953.988281
1463    -28954.167969
1464    -28954.349609
1465    -28954.529297
1466    -28954.708984
1467    -28954.888672
1468    -28955.066406
1469    -28955.246094
1470    -28955.421875
1471    -28955.599609
1472    -28955.777344
1473    -28955.953125
1474    -28956.128906
1475    -28956.304688
1476    -28956.480469
1477    -28956.652344
1478    -28956.826172
1479    -28957.000000
1480    -28957.171875
1481    -28957.343750
1482    -28957.515625
1483    -28957.687500
1484    -28957.859375
1485    -28958.027344
1486    -28958.199219
1487    -28958.367188
1488    -28958.539062
1489    -28958.707031
1490    -28958.875000
1491    -28959.042969
1492    -28959.208984
1493    -28959.375000
1494    -28959.542969
1495    -28959.707031
1496    -28959.871094
1497    -28960.039062
1498    -28960.203125
1499    -28960.367188
1500    -28960.529297
1501    -28960.695312
1502    -28960.855469
1503    -28961.019531
1504    -28961.179688
1505    -28961.341797
1506    -28961.503906
1507    -28961.664062
1508    -28961.824219
1509    -28961.984375
1510    -28962.144531
1511    -28962.300781
1512    -28962.457031
1513    -28962.613281
1514    -28962.769531
1515    -28962.925781
1516    -28963.082031
1517    -28963.238281
1518    -28963.390625
1519    -28963.546875
1520    -28963.699219
1521    -28963.851562
1522    -28964.005859
1523    -28964.158203
1524    -28964.310547
1525    -28964.460938
1526    -28964.613281
1527    -28964.765625
1528    -28964.916016
1529    -28965.066406
1530    -28965.218750
1531    -28965.367188
1532    -28965.515625
1533    -28965.664062
1534    -28965.814453
1535    -28965.962891
1536    -28966.105469
1537    -28966.246094
1538    -28966.386719
1539    -28966.531250
1540    -28966.671875
1541    -28966.812500
1542    -28966.953125
1543    -28967.093750
1544    -28967.234375
1545    -28967.375000
1546    -28967.513672
1547    -28967.652344
1548    -28967.792969
1549    -28967.929688
1550    -28968.068359
1551    -28968.207031
1552    -28968.345703
1553    -28968.476562
1554    -28968.611328
1555    -28968.742188
1556    -28968.876953
1557    -28969.007812
1558    -28969.140625
1559    -28969.271484
1560    -28969.402344
1561    -28969.533203
1562    -28969.664062
1563    -28969.792969
1564    -28969.925781
1565    -28970.056641
1566    -28970.185547
1567    -28970.316406
1568    -28970.445312
1569    -28970.574219
1570    -28970.701172
1571    -28970.832031
1572    -28970.960938
1573    -28971.087891
1574    -28971.216797
1575    -28971.343750
1576    -28971.472656
1577    -28971.601562
1578    -28971.726562
1579    -28971.855469
1580    -28971.982422
1581    -28972.109375
1582    -28972.236328
1583    -28972.359375
1584    -28972.482422
1585    -28972.605469
1586    -28972.726562
1587    -28972.849609
1588    -28972.970703
1589    -28973.089844
1590    -28973.210938
1591    -28973.335938
1592    -28973.457031
1593    -28973.578125
1594    -28973.697266
1595    -28973.820312
1596    -28973.939453
1597    -28974.062500
1598    -28974.179688
1599    -28974.300781
1600    -28974.417969
1601    -28974.537109
1602    -28974.656250
1603    -28974.775391
1604    -28974.894531
1605    -28975.011719
1606    -28975.130859
1607    -28975.248047
1608    -28975.367188
1609    -28975.484375
1610    -28975.605469
1611    -28975.722656
1612    -28975.839844
1613    -28975.958984
1614    -28976.074219
1615    -28976.193359
1616    -28976.310547
1617    -28976.429688
1618    -28976.544922
1619    -28976.662109
1620    -28976.781250
1621    -28976.898438
1622    -28977.015625
1623    -28977.132812
1624    -28977.250000
1625    -28977.367188
1626    -28977.484375
1627    -28977.601562
1628    -28977.718750
1629    -28977.835938
1630    -28977.953125
1631    -28978.070312
1632    -28978.187500
1633    -28978.304688
1634    -28978.421875
1635    -28978.539062
1636    -28978.656250
1637    -28978.773438
1638    -28978.890625
1639    -28979.007812
1640    -28979.125000
1641    -28979.242188
1642    -28979.359375
1643    -28979.476562
1644    -28979.593750
1645    -28979.710938
1646    -28979.828125
1647    -28979.945312
1648    -28980.062500
1649    -28980.179688
1650    -28980.296875
1651    -28980.416016
1652    -28980.531250
1653    -28980.650391
1654    -28980.769531
1655    -28980.884766
1656    -28981.003906
1657    -28981.121094
1658    -28981.240234
1659    -28981.359375
1660    -28981.474609
1661    -28981.593750
1662    -28981.714844
1663    -28981.830078
1664    -28981.949219
1665    -28982.068359
1666    -28982.187500
1667    -28982.304688
1668    -28982.423828
1669    -28982.542969
1670    -28982.664062
1671    -28982.781250
1672    -28982.902344
1673    -28983.015625
1674    -28983.130859
1675    -28983.246094
1676    -28983.361328
1677    -28983.476562
1678    -28983.591797
1679    -28983.707031
1680    -28983.822266
1681    -28983.939453
1682    -28984.054688
1683    -28984.171875
1684    -28984.287109
1685    -28984.404297
1686    -28984.521484
1687    -28984.636719
1688    -28984.753906
1689    -28984.873047
1690    -28984.988281
1691    -28985.105469
1692    -28985.222656
1693    -28985.339844
1694    -28985.458984
1695    -28985.576172
1696    -28985.693359
1697    -28985.810547
1698    -28985.929688
1699    -28986.046875
1700    -28986.167969
1701    -28986.285156
1702    -28986.404297
1703    -28986.523438
1704    -28986.644531
1705    -28986.763672
1706    -28986.884766
1707    -28987.003906
1708    -28987.125000
1709    -28987.246094
1710    -28987.367188
1711    -28987.488281
1712    -28987.609375
1713    -28987.730469
1714    -28987.853516
1715    -28987.976562
1716    -28988.099609
1717    -28988.220703
1718    -28988.345703
1719    -28988.468750
1720    -28988.591797
1721    -28988.714844
1722    -28988.839844
1723    -28988.964844
1724    -28989.087891
1725    -28989.214844
1726    -28989.339844
1727    -28989.464844
1728    -28989.589844
1729    -28989.716797
1730    -28989.843750
1731    -28989.970703
1732    -28990.097656
1733    -28990.222656
1734    -28990.351562
1735    -28990.478516
1736    -28990.607422
1737    -28990.734375
1738    -28990.863281
1739    -28990.992188
1740    -28991.121094
1741    -28991.251953
1742    -28991.380859
1743    -28991.507812
1744    -28991.636719
1745    -28991.765625
1746    -28991.892578
1747    -28992.021484
1748    -28992.152344
1749    -28992.279297
1750    -28992.410156
1751    -28992.539062
1752    -28992.669922
1753    -28992.800781
1754    -28992.931641
1755    -28993.062500
1756    -28993.193359
1757    -28993.326172
1758    -28993.458984
1759    -28993.589844
1760    -28993.722656
1761    -28993.855469
1762    -28993.990234
1763    -28994.123047
1764    -28994.257812
1765    -28994.392578
1766    -28994.527344
1767    -28994.662109
1768    -28994.796875
1769    -28994.931641
1770    -28995.066406
1771    -28995.205078
1772    -28995.339844
1773    -28995.476562
1774    -28995.615234
1775    -28995.753906
1776    -28995.890625
1777    -28996.029297
1778    -28996.167969
1779    -28996.304688
1780    -28996.445312
1781    -28996.583984
1782    -28996.722656
1783    -28996.863281
1784    -28997.001953
1785    -28997.138672
1786    -28997.277344
1787    -28997.414062
1788    -28997.554688
1789    -28997.693359
1790    -28997.832031
1791    -28997.972656
1792    -28998.113281
1793    -28998.251953
1794    -28998.394531
1795    -28998.535156
1796    -28998.675781
1797    -28998.820312
1798    -28998.958984
1799    -28999.101562
1800    -28999.242188
1801    -28999.382812
1802    -28999.523438
1803    -28999.667969
1804    -28999.808594
1805    -28999.953125
1806    -29000.091797
1807    -29000.234375
1808    -29000.375000
1809    -29000.515625
1810    -29000.656250
1811    -29000.800781
1812    -29000.943359
1813    -29001.085938
1814    -29001.228516
1815    -29001.373047
1816    -29001.515625
1817    -29001.660156
1818    -29001.804688
1819    -29001.953125
1820    -29002.095703
1821    -29002.240234
1822    -29002.386719
1823    -29002.535156
1824    -29002.679688
1825    -29002.828125
1826    -29002.974609
1827    -29003.123047
1828    -29003.271484
1829    -29003.419922
1830    -29003.570312
1831    -29003.716797
1832    -29003.867188
1833    -29004.015625
1834    -29004.167969
1835    -29004.316406
1836    -29004.468750
1837    -29004.619141
1838    -29004.769531
1839    -29004.921875
1840    -29005.076172
1841    -29005.226562
1842    -29005.380859
1843    -29005.535156
1844    -29005.687500
1845    -29005.839844
1846    -29005.994141
1847    -29006.150391
1848    -29006.304688
1849    -29006.460938
1850    -29006.615234
1851    -29006.765625
1852    -29006.921875
1853    -29007.074219
1854    -29007.226562
1855    -29007.382812
1856    -29007.537109
1857    -29007.691406
1858    -29007.845703
1859    -29008.001953
1860    -29008.158203
1861    -29008.312500
1862    -29008.468750
1863    -29008.628906
1864    -29008.785156
1865    -29008.941406
1866    -29009.101562
1867    -29009.257812
1868    -29009.416016
1869    -29009.566406
1870    -29009.716797
1871    -29009.867188
1872    -29010.019531
1873    -29010.171875
1874    -29010.326172
1875    -29010.480469
1876    -29010.632812
1877    -29010.787109
1878    -29010.941406
1879    -29011.093750
1880    -29011.248047
1881    -29011.404297
1882    -29011.558594
1883    -29011.714844
1884    -29011.871094
1885    -29012.029297
1886    -29012.183594
1887    -29012.339844
1888    -29012.492188
1889    -29012.644531
1890    -29012.796875
1891    -29012.951172
1892    -29013.105469
1893    -29013.259766
1894    -29013.414062
1895    -29013.570312
1896    -29013.726562
1897    -29013.884766
1898    -29014.042969
1899    -29014.201172
1900    -29014.359375
1901    -29014.517578
1902    -29014.675781
1903    -29014.837891
1904    -29015.000000
1905    -29015.156250
1906    -29015.312500
1907    -29015.468750
1908    -29015.628906
1909    -29015.789062
1910    -29015.947266
1911    -29016.107422
1912    -29016.265625
1913    -29016.429688
1914    -29016.591797
1915    -29016.753906
1916    -29016.917969
1917    -29017.082031
1918    -29017.246094
1919    -29017.412109
1920    -29017.578125
1921    -29017.742188
1922    -29017.910156
1923    -29018.080078
1924    -29018.248047
1925    -29018.417969
1926    -29018.587891
1927    -29018.757812
1928    -29018.929688
1929    -29019.103516
1930    -29019.277344
1931    -29019.449219
1932    -29019.625000
1933    -29019.800781
1934    -29019.976562
1935    -29020.154297
1936    -29020.332031
1937    -29020.507812
1938    -29020.689453
1939    -29020.869141
1940    -29021.048828
1941    -29021.230469
1942    -29021.412109
1943    -29021.595703
1944    -29021.779297
1945    -29021.964844
1946    -29022.148438
1947    -29022.335938
1948    -29022.521484
1949    -29022.710938
1950    -29022.898438
1951    -29023.085938
1952    -29023.277344
1953    -29023.468750
1954    -29023.658203
1955    -29023.849609
1956    -29024.042969
1957    -29024.238281
1958    -29024.429688
1959    -29024.625000
1960    -29024.820312
1961    -29025.017578
1962    -29025.212891
1963    -29025.410156
1964    -29025.607422
1965    -29025.806641
1966    -29026.007812
1967    -29026.207031
1968    -29026.406250
1969    -29026.609375
1970    -29026.812500
1971    -29027.013672
1972    -29027.216797
1973    -29027.421875
1974    -29027.625000
1975    -29027.828125
1976    -29028.035156
1977    -29028.240234
1978    -29028.445312
1979    -29028.654297
1980    -29028.859375
1981    -29029.068359
1982    -29029.277344
1983    -29029.484375
1984    -29029.687500
1985    -29029.892578
1986    -29030.099609
1987    -29030.304688
1988    -29030.511719
1989    -29030.714844
1990    -29030.921875
1991    -29031.128906
1992    -29031.335938
1993    -29031.542969
1994    -29031.750000
1995    -29031.957031
1996    -29032.166016
1997    -29032.375000
1998    -29032.582031
1999    -29032.791016
2000    -29033.000000
2001    -29033.210938
2002    -29033.417969
2003    -29033.625000
2004    -29033.835938
2005    -29034.046875
2006    -29034.255859
2007    -29034.464844
2008    -29034.675781
2009    -29034.882812
2010    -29035.093750
2011    -29035.304688
2012    -29035.513672
2013    -29035.724609
2014    -29035.931641
2015    -29036.144531
2016    -29036.353516
2017    -29036.562500
2018    -29036.771484
2019    -29036.980469
2020    -29037.191406
2021    -29037.400391
2022    -29037.609375
2023    -29037.818359
2024    -29038.027344
2025    -29038.238281
2026    -29038.445312
2027    -29038.654297
2028    -29038.863281
2029    -29039.070312
2030    -29039.277344
2031    -29039.488281
2032    -29039.695312
2033    -29039.902344
2034    -29040.109375
2035    -29040.316406
2036    -29040.523438
2037    -29040.730469
2038    -29040.935547
2039    -29041.142578
2040    -29041.349609
2041    -29041.554688
2042    -29041.757812
2043    -29041.964844
2044    -29042.167969
2045    -29042.373047
2046    -29042.578125
2047    -29042.781250
2048    -29042.984375
2049    -29043.187500
2050    -29043.390625
2051    -29043.593750
2052    -29043.796875
2053    -29044.000000
2054    -29044.199219
2055    -29044.402344
2056    -29044.601562
2057    -29044.802734
2058    -29045.003906
2059    -29045.203125
2060    -29045.402344
2061    -29045.601562
2062    -29045.800781
2063    -29045.996094
2064    -29046.195312
2065    -29046.392578
2066    -29046.589844
2067    -29046.787109
2068    -29046.982422
2069    -29047.179688
2070    -29047.375000
2071    -29047.568359
2072    -29047.763672
2073    -29047.957031
2074    -29048.152344
2075    -29048.343750
2076    -29048.535156
2077    -29048.728516
2078    -29048.921875
2079    -29049.111328
2080    -29049.300781
2081    -29049.492188
2082    -29049.683594
2083    -29049.871094
2084    -29050.060547
2085    -29050.248047
2086    -29050.437500
2087    -29050.625000
2088    -29050.810547
2089    -29050.996094
2090    -29051.183594
2091    -29051.369141
2092    -29051.554688
2093    -29051.738281
2094    -29051.921875
2095    -29052.105469
2096    -29052.289062
2097    -29052.468750
2098    -29052.652344
2099    -29052.832031
2100    -29053.011719
2101    -29053.191406
2102    -29053.371094
2103    -29053.550781
2104    -29053.730469
2105    -29053.908203
2106    -29054.085938
2107    -29054.261719
2108    -29054.437500
2109    -29054.613281
2110    -29054.787109
2111    -29054.960938
2112    -29055.136719
2113    -29055.308594
2114    -29055.480469
2115    -29055.654297
2116    -29055.824219
2117    -29055.996094
2118    -29056.166016
2119    -29056.335938
2120    -29056.505859
2121    -29056.671875
2122    -29056.841797
2123    -29057.007812
2124    -29057.175781
2125    -29057.341797
2126    -29057.507812
2127    -29057.671875
2128    -29057.835938
2129    -29058.000000
2130    -29058.164062
2131    -29058.328125
2132    -29058.488281
2133    -29058.652344
2134    -29058.812500
2135    -29058.972656
2136    -29059.132812
2137    -29059.291016
2138    -29059.449219
2139    -29059.607422
2140    -29059.765625
2141    -29059.921875
2142    -29060.078125
2143    -29060.234375
2144    -29060.388672
2145    -29060.542969
2146    -29060.699219
2147    -29060.849609
2148    -29061.003906
2149    -29061.154297
2150    -29061.304688
2151    -29061.457031
2152    -29061.609375
2153    -29061.757812
2154    -29061.906250
2155    -29062.054688
2156    -29062.201172
2157    -29062.347656
2158    -29062.492188
2159    -29062.640625
2160    -29062.785156
2161    -29062.929688
2162    -29063.072266
2163    -29063.214844
2164    -29063.357422
2165    -29063.492188
2166    -29063.626953
2167    -29063.757812
2168    -29063.892578
2169    -29064.023438
2170    -29064.156250
2171    -29064.287109
2172    -29064.417969
2173    -29064.546875
2174    -29064.679688
2175    -29064.804688
2176    -29064.917969
2177    -29065.031250
2178    -29065.144531
2179    -29065.255859
2180    -29065.367188
2181    -29065.480469
2182    -29065.589844
2183    -29065.701172
2184    -29065.808594
2185    -29065.921875
2186    -29066.029297
2187    -29066.138672
2188    -29066.246094
2189    -29066.355469
2190    -29066.460938
2191    -29066.570312
2192    -29066.677734
2193    -29066.785156
2194    -29066.890625
2195    -29066.996094
2196    -29067.101562
2197    -29067.205078
2198    -29067.308594
2199    -29067.414062
2200    -29067.519531
2201    -29067.623047
2202    -29067.724609
2203    -29067.828125
2204    -29067.929688
2205    -29068.031250
2206    -29068.134766
2207    -29068.234375
2208    -29068.337891
2209    -29068.437500
2210    -29068.539062
2211    -29068.636719
2212    -29068.738281
2213    -29068.837891
2214    -29068.935547
2215    -29069.035156
2216    -29069.126953
2217    -29069.214844
2218    -29069.302734
2219    -29069.390625
2220    -29069.480469
2221    -29069.568359
2222    -29069.656250
2223    -29069.742188
2224    -29069.828125
2225    -29069.916016
2226    -29070.003906
2227    -29070.089844
2228    -29070.173828
2229    -29070.261719
2230    -29070.347656
2231    -29070.433594
2232    -29070.515625
2233    -29070.603516
2234    -29070.687500
2235    -29070.771484
2236    -29070.857422
2237    -29070.941406
2238    -29071.025391
2239    -29071.109375
2240    -29071.191406
2241    -29071.277344
2242    -29071.359375
2243    -29071.445312
2244    -29071.527344
2245    -29071.609375
2246    -29071.693359
2247    -29071.775391
2248    -29071.855469
2249    -29071.935547
2250    -29072.015625
2251    -29072.093750
2252    -29072.173828
2253    -29072.251953
2254    -29072.326172
2255    -29072.398438
2256    -29072.472656
2257    -29072.546875
2258    -29072.621094
2259    -29072.693359
2260    -29072.765625
2261    -29072.839844
2262    -29072.912109
2263    -29072.984375
2264    -29073.058594
2265    -29073.128906
2266    -29073.203125
2267    -29073.275391
2268    -29073.347656
2269    -29073.419922
2270    -29073.492188
2271    -29073.566406
2272    -29073.636719
2273    -29073.707031
2274    -29073.781250
2275    -29073.851562
2276    -29073.923828
2277    -29073.996094
2278    -29074.068359
2279    -29074.138672
2280    -29074.210938
2281    -29074.281250
2282    -29074.355469
2283    -29074.425781
2284    -29074.496094
2285    -29074.566406
2286    -29074.638672
2287    -29074.710938
2288    -29074.781250
2289    -29074.851562
2290    -29074.921875
2291    -29074.992188
2292    -29075.062500
2293    -29075.134766
2294    -29075.205078
2295    -29075.277344
2296    -29075.349609
2297    -29075.417969
2298    -29075.488281
2299    -29075.558594
2300    -29075.632812
2301    -29075.703125
2302    -29075.771484
2303    -29075.843750
2304    -29075.912109
2305    -29075.984375
2306    -29076.054688
2307    -29076.125000
2308    -29076.195312
2309    -29076.267578
2310    -29076.337891
2311    -29076.408203
2312    -29076.478516
2313    -29076.546875
2314    -29076.619141
2315    -29076.691406
2316    -29076.761719
2317    -29076.832031
2318    -29076.902344
2319    -29076.972656
2320    -29077.042969
2321    -29077.113281
2322    -29077.181641
2323    -29077.250000
2324    -29077.316406
2325    -29077.386719
2326    -29077.455078
2327    -29077.523438
2328    -29077.593750
2329    -29077.660156
2330    -29077.728516
2331    -29077.796875
2332    -29077.867188
2333    -29077.935547
2334    -29078.003906
2335    -29078.074219
2336    -29078.142578
2337    -29078.210938
2338    -29078.279297
2339    -29078.347656
2340    -29078.417969
2341    -29078.486328
2342    -29078.554688
2343    -29078.625000
2344    -29078.695312
2345    -29078.765625
2346    -29078.832031
2347    -29078.902344
2348    -29078.972656
2349    -29079.039062
2350    -29079.109375
2351    -29079.179688
2352    -29079.250000
2353    -29079.318359
2354    -29079.388672
2355    -29079.457031
2356    -29079.527344
2357    -29079.597656
2358    -29079.667969
2359    -29079.738281
2360    -29079.808594
2361    -29079.878906
2362    -29079.949219
2363    -29080.017578
2364    -29080.085938
2365    -29080.156250
2366    -29080.230469
2367    -29080.298828
2368    -29080.369141
2369    -29080.441406
2370    -29080.507812
2371    -29080.578125
2372    -29080.652344
2373    -29080.720703
2374    -29080.791016
2375    -29080.861328
2376    -29080.933594
2377    -29081.001953
2378    -29081.074219
2379    -29081.144531
2380    -29081.214844
2381    -29081.285156
2382    -29081.355469
2383    -29081.425781
2384    -29081.498047
2385    -29081.570312
2386    -29081.640625
2387    -29081.710938
2388    -29081.781250
2389    -29081.851562
2390    -29081.923828
2391    -29081.996094
2392    -29082.066406
2393    -29082.136719
2394    -29082.208984
2395    -29082.279297
2396    -29082.351562
2397    -29082.421875
2398    -29082.494141
2399    -29082.566406
2400    -29082.636719
2401    -29082.708984
2402    -29082.779297
2403    -29082.851562
2404    -29082.921875
2405    -29082.994141
2406    -29083.064453
2407    -29083.136719
2408    -29083.208984
2409    -29083.279297
2410    -29083.351562
2411    -29083.421875
2412    -29083.488281
2413    -29083.552734
2414    -29083.617188
2415    -29083.683594
2416    -29083.750000
2417    -29083.812500
2418    -29083.878906
2419    -29083.945312
2420    -29084.009766
2421    -29084.074219
2422    -29084.140625
2423    -29084.207031
2424    -29084.273438
2425    -29084.335938
2426    -29084.402344
2427    -29084.468750
2428    -29084.535156
2429    -29084.601562
2430    -29084.666016
2431    -29084.732422
2432    -29084.798828
2433    -29084.865234
2434    -29084.929688
2435    -29084.996094
2436    -29085.062500
2437    -29085.128906
2438    -29085.195312
2439    -29085.261719
2440    -29085.328125
2441    -29085.394531
2442    -29085.460938
2443    -29085.527344
2444    -29085.593750
2445    -29085.660156
2446    -29085.724609
2447    -29085.792969
2448    -29085.859375
2449    -29085.925781
2450    -29085.992188
2451    -29086.058594
2452    -29086.126953
2453    -29086.191406
2454    -29086.259766
2455    -29086.328125
2456    -29086.394531
2457    -29086.460938
2458    -29086.527344
2459    -29086.595703
2460    -29086.664062
2461    -29086.730469
2462    -29086.796875
2463    -29086.865234
2464    -29086.933594
2465    -29087.000000
2466    -29087.068359
2467    -29087.136719
2468    -29087.203125
2469    -29087.271484
2470    -29087.337891
2471    -29087.406250
2472    -29087.474609
2473    -29087.542969
2474    -29087.611328
2475    -29087.679688
2476    -29087.746094
2477    -29087.816406
2478    -29087.884766
2479    -29087.953125
2480    -29088.023438
2481    -29088.087891
2482    -29088.158203
2483    -29088.226562
2484    -29088.296875
2485    -29088.363281
2486    -29088.433594
2487    -29088.503906
2488    -29088.570312
2489    -29088.640625
2490    -29088.710938
2491    -29088.779297
2492    -29088.847656
2493    -29088.917969
2494    -29088.988281
2495    -29089.058594
2496    -29089.126953
2497    -29089.195312
2498    -29089.265625
2499    -29089.335938
2500    -29089.406250
2501    -29089.476562
2502    -29089.546875
2503    -29089.615234
2504    -29089.683594
2505    -29089.753906
2506    -29089.822266
2507    -29089.894531
2508    -29089.964844
2509    -29090.035156
2510    -29090.101562
2511    -29090.171875
2512    -29090.242188
2513    -29090.314453
2514    -29090.382812
2515    -29090.453125
2516    -29090.523438
2517    -29090.593750
2518    -29090.664062
2519    -29090.736328
2520    -29090.804688
2521    -29090.878906
2522    -29090.945312
2523    -29091.017578
2524    -29091.089844
2525    -29091.158203
2526    -29091.230469
2527    -29091.300781
2528    -29091.371094
2529    -29091.441406
2530    -29091.511719
2531    -29091.583984
2532    -29091.654297
2533    -29091.726562
2534    -29091.796875
2535    -29091.867188
2536    -29091.937500
2537    -29092.009766
2538    -29092.080078
2539    -29092.150391
2540    -29092.222656
2541    -29092.294922
2542    -29092.363281
2543    -29092.435547
2544    -29092.507812
2545    -29092.578125
2546    -29092.648438
2547    -29092.720703
2548    -29092.789062
2549    -29092.863281
2550    -29092.933594
2551    -29093.003906
2552    -29093.072266
2553    -29093.140625
2554    -29093.208984
2555    -29093.277344
2556    -29093.343750
2557    -29093.410156
2558    -29093.476562
2559    -29093.542969
2560    -29093.611328
2561    -29093.677734
2562    -29093.744141
2563    -29093.810547
2564    -29093.876953
2565    -29093.941406
2566    -29094.009766
2567    -29094.078125
2568    -29094.144531
2569    -29094.208984
2570    -29094.277344
2571    -29094.343750
2572    -29094.408203
2573    -29094.474609
2574    -29094.539062
2575    -29094.605469
2576    -29094.671875
2577    -29094.738281
2578    -29094.802734
2579    -29094.867188
2580    -29094.933594
2581    -29095.000000
2582    -29095.066406
2583    -29095.130859
2584    -29095.195312
2585    -29095.261719
2586    -29095.326172
2587    -29095.390625
2588    -29095.455078
2589    -29095.519531
2590    -29095.585938
2591    -29095.648438
2592    -29095.712891
2593    -29095.779297
2594    -29095.843750
2595    -29095.906250
2596    -29095.970703
2597    -29096.035156
2598    -29096.097656
2599    -29096.162109
2600    -29096.226562
2601    -29096.289062
2602    -29096.355469
2603    -29096.416016
2604    -29096.480469
2605    -29096.544922
2606    -29096.607422
2607    -29096.671875
2608    -29096.734375
2609    -29096.796875
2610    -29096.859375
2611    -29096.921875
2612    -29096.984375
2613    -29097.046875
2614    -29097.109375
2615    -29097.171875
2616    -29097.234375
2617    -29097.296875
2618    -29097.359375
2619    -29097.421875
2620    -29097.482422
2621    -29097.544922
2622    -29097.607422
2623    -29097.667969
2624    -29097.730469
2625    -29097.792969
2626    -29097.853516
2627    -29097.917969
2628    -29097.976562
2629    -29098.039062
2630    -29098.097656
2631    -29098.162109
2632    -29098.218750
2633    -29098.281250
2634    -29098.343750
2635    -29098.404297
2636    -29098.466797
2637    -29098.527344
2638    -29098.589844
2639    -29098.648438
2640    -29098.710938
2641    -29098.769531
2642    -29098.832031
2643    -29098.892578
2644    -29098.953125
2645    -29099.015625
2646    -29099.074219
2647    -29099.134766
2648    -29099.195312
2649    -29099.253906
2650    -29099.316406
2651    -29099.376953
2652    -29099.437500
2653    -29099.498047
2654    -29099.558594
2655    -29099.619141
2656    -29099.679688
2657    -29099.738281
2658    -29099.800781
2659    -29099.859375
2660    -29099.921875
2661    -29099.980469
2662    -29100.042969
2663    -29100.103516
2664    -29100.162109
2665    -29100.224609
2666    -29100.285156
2667    -29100.343750
2668    -29100.406250
2669    -29100.466797
2670    -29100.527344
2671    -29100.587891
2672    -29100.648438
2673    -29100.708984
2674    -29100.769531
2675    -29100.832031
2676    -29100.890625
2677    -29100.951172
2678    -29101.013672
2679    -29101.074219
2680    -29101.136719
2681    -29101.199219
2682    -29101.257812
2683    -29101.320312
2684    -29101.380859
2685    -29101.443359
2686    -29101.503906
2687    -29101.566406
2688    -29101.626953
2689    -29101.687500
2690    -29101.750000
2691    -29101.812500
2692    -29101.875000
2693    -29101.937500
2694    -29102.001953
2695    -29102.062500
2696    -29102.125000
2697    -29102.191406
2698    -29102.250000
2699    -29102.312500
2700    -29102.378906
2701    -29102.441406
2702    -29102.503906
2703    -29102.566406
2704    -29102.628906
2705    -29102.695312
2706    -29102.757812
2707    -29102.822266
2708    -29102.886719
2709    -29102.949219
2710    -29103.015625
2711    -29103.078125
2712    -29103.144531
2713    -29103.210938
2714    -29103.273438
2715    -29103.339844
2716    -29103.406250
2717    -29103.472656
2718    -29103.535156
2719    -29103.599609
2720    -29103.664062
2721    -29103.726562
2722    -29103.792969
2723    -29103.855469
2724    -29103.921875
2725    -29103.984375
2726    -29104.050781
2727    -29104.111328
2728    -29104.171875
2729    -29104.234375
2730    -29104.296875
2731    -29104.359375
2732    -29104.421875
2733    -29104.484375
2734    -29104.548828
2735    -29104.613281
2736    -29104.675781
2737    -29104.740234
2738    -29104.804688
2739    -29104.871094
2740    -29104.933594
2741    -29105.000000
2742    -29105.062500
2743    -29105.130859
2744    -29105.195312
2745    -29105.261719
2746    -29105.328125
2747    -29105.394531
2748    -29105.460938
2749    -29105.527344
2750    -29105.593750
2751    -29105.662109
2752    -29105.730469
2753    -29105.796875
2754    -29105.865234
2755    -29105.935547
2756    -29106.003906
2757    -29106.072266
2758    -29106.144531
2759    -29106.210938
2760    -29106.285156
2761    -29106.353516
2762    -29106.425781
2763    -29106.496094
2764    -29106.568359
2765    -29106.638672
2766    -29106.710938
2767    -29106.785156
2768    -29106.859375
2769    -29106.929688
2770    -29107.003906
2771    -29107.078125
2772    -29107.154297
2773    -29107.226562
2774    -29107.304688
2775    -29107.376953
2776    -29107.455078
2777    -29107.531250
2778    -29107.605469
2779    -29107.683594
2780    -29107.761719
2781    -29107.839844
2782    -29107.917969
2783    -29107.996094
2784    -29108.074219
2785    -29108.152344
2786    -29108.234375
2787    -29108.314453
2788    -29108.394531
2789    -29108.474609
2790    -29108.556641
2791    -29108.636719
2792    -29108.718750
2793    -29108.800781
2794    -29108.886719
2795    -29108.968750
2796    -29109.052734
2797    -29109.136719
2798    -29109.222656
2799    -29109.306641
2800    -29109.390625
2801    -29109.478516
2802    -29109.562500
2803    -29109.648438
2804    -29109.738281
2805    -29109.824219
2806    -29109.914062
2807    -29110.000000
2808    -29110.091797
2809    -29110.179688
2810    -29110.269531
2811    -29110.359375
2812    -29110.449219
2813    -29110.541016
2814    -29110.632812
2815    -29110.726562
2816    -29110.816406
2817    -29110.912109
2818    -29111.003906
2819    -29111.095703
2820    -29111.191406
2821    -29111.285156
2822    -29111.380859
2823    -29111.476562
2824    -29111.574219
2825    -29111.669922
2826    -29111.765625
2827    -29111.863281
2828    -29111.960938
2829    -29112.058594
2830    -29112.160156
2831    -29112.261719
2832    -29112.359375
2833    -29112.458984
2834    -29112.562500
2835    -29112.662109
2836    -29112.765625
2837    -29112.867188
2838    -29112.968750
2839    -29113.074219
2840    -29113.177734
2841    -29113.281250
2842    -29113.386719
2843    -29113.492188
2844    -29113.599609
2845    -29113.705078
2846    -29113.812500
2847    -29113.919922
2848    -29114.027344
2849    -29114.136719
2850    -29114.246094
2851    -29114.355469
2852    -29114.464844
2853    -29114.574219
2854    -29114.685547
2855    -29114.796875
2856    -29114.910156
2857    -29115.021484
2858    -29115.134766
2859    -29115.250000
2860    -29115.363281
2861    -29115.478516
2862    -29115.593750
2863    -29115.710938
2864    -29115.826172
2865    -29115.943359
2866    -29116.058594
2867    -29116.179688
2868    -29116.296875
2869    -29116.412109
2870    -29116.527344
2871    -29116.644531
2872    -29116.763672
2873    -29116.880859
2874    -29117.000000
2875    -29117.117188
2876    -29117.238281
2877    -29117.359375
2878    -29117.478516
2879    -29117.599609
2880    -29117.722656
2881    -29117.843750
2882    -29117.964844
2883    -29118.089844
2884    -29118.210938
2885    -29118.335938
2886    -29118.460938
2887    -29118.585938
2888    -29118.710938
2889    -29118.835938
2890    -29118.964844
2891    -29119.089844
2892    -29119.218750
2893    -29119.345703
2894    -29119.472656
2895    -29119.601562
2896    -29119.730469
2897    -29119.859375
2898    -29119.986328
2899    -29120.113281
2900    -29120.242188
2901    -29120.369141
2902    -29120.496094
2903    -29120.626953
2904    -29120.753906
2905    -29120.886719
2906    -29121.015625
2907    -29121.146484
2908    -29121.277344
2909    -29121.410156
2910    -29121.541016
2911    -29121.671875
2912    -29121.806641
2913    -29121.937500
2914    -29122.070312
2915    -29122.205078
2916    -29122.335938
2917    -29122.470703
2918    -29122.605469
2919    -29122.738281
2920    -29122.875000
2921    -29123.009766
2922    -29123.142578
2923    -29123.281250
2924    -29123.414062
2925    -29123.550781
2926    -29123.687500
2927    -29123.824219
2928    -29123.958984
2929    -29124.095703
2930    -29124.234375
2931    -29124.371094
2932    -29124.507812
2933    -29124.644531
2934    -29124.781250
2935    -29124.919922
2936    -29125.058594
2937    -29125.195312
2938    -29125.332031
2939    -29125.468750
2940    -29125.607422
2941    -29125.746094
2942    -29125.882812
2943    -29126.019531
2944    -29126.158203
2945    -29126.296875
2946    -29126.433594
2947    -29126.570312
2948    -29126.708984
2949    -29126.845703
2950    -29126.982422
2951    -29127.121094
2952    -29127.257812
2953    -29127.396484
2954    -29127.533203
2955    -29127.671875
2956    -29127.806641
2957    -29127.943359
2958    -29128.080078
2959    -29128.216797
2960    -29128.353516
2961    -29128.488281
2962    -29128.625000
2963    -29128.761719
2964    -29128.896484
2965    -29129.031250
2966    -29129.167969
2967    -29129.300781
2968    -29129.437500
2969    -29129.572266
2970    -29129.705078
2971    -29129.839844
2972    -29129.972656
2973    -29130.105469
2974    -29130.238281
2975    -29130.371094
2976    -29130.503906
2977    -29130.636719
2978    -29130.769531
2979    -29130.898438
2980    -29131.031250
2981    -29131.162109
2982    -29131.292969
2983    -29131.421875
2984    -29131.550781
2985    -29131.679688
2986    -29131.808594
2987    -29131.937500
2988    -29132.066406
2989    -29132.193359
2990    -29132.322266
2991    -29132.449219
2992    -29132.574219
2993    -29132.703125
2994    -29132.826172
2995    -29132.951172
2996    -29133.078125
2997    -29133.203125
2998    -29133.326172
2999    -29133.449219
3000    -29133.574219
3001    -29133.695312
3002    -29133.818359
3003    -29133.941406
3004    -29134.062500
3005    -29134.181641
3006    -29134.304688
3007    -29134.421875
3008    -29134.541016
3009    -29134.660156
3010    -29134.781250
3011    -29134.898438
3012    -29135.015625
3013    -29135.132812
3014    -29135.250000
3015    -29135.367188
3016    -29135.482422
3017    -29135.597656
3018    -29135.712891
3019    -29135.828125
3020    -29135.941406
3021    -29136.054688
3022    -29136.167969
3023    -29136.277344
3024    -29136.386719
3025    -29136.494141
3026    -29136.601562
3027    -29136.708984
3028    -29136.816406
3029    -29136.921875
3030    -29137.027344
3031    -29137.134766
3032    -29137.240234
3033    -29137.343750
3034    -29137.447266
3035    -29137.550781
3036    -29137.654297
3037    -29137.757812
3038    -29137.859375
3039    -29137.960938
3040    -29138.062500
3041    -29138.162109
3042    -29138.263672
3043    -29138.363281
3044    -29138.460938
3045    -29138.560547
3046    -29138.660156
3047    -29138.757812
3048    -29138.855469
3049    -29138.953125
3050    -29139.050781
3051    -29139.144531
3052    -29139.242188
3053    -29139.335938
3054    -29139.433594
3055    -29139.527344
3056    -29139.621094
3057    -29139.714844
3058    -29139.808594
3059    -29139.900391
3060    -29139.992188
3061    -29140.085938
3062    -29140.177734
3063    -29140.267578
3064    -29140.359375
3065    -29140.449219
3066    -29140.539062
3067    -29140.628906
3068    -29140.718750
3069    -29140.806641
3070    -29140.894531
3071    -29140.982422
3072    -29141.070312
3073    -29141.156250
3074    -29141.244141
3075    -29141.328125
3076    -29141.417969
3077    -29141.503906
3078    -29141.585938
3079    -29141.671875
3080    -29141.757812
3081    -29141.841797
3082    -29141.925781
3083    -29142.007812
3084    -29142.093750
3085    -29142.175781
3086    -29142.251953
3087    -29142.328125
3088    -29142.402344
3089    -29142.478516
3090    -29142.554688
3091    -29142.628906
3092    -29142.701172
3093    -29142.777344
3094    -29142.849609
3095    -29142.921875
3096    -29142.996094
3097    -29143.070312
3098    -29143.140625
3099    -29143.214844
3100    -29143.285156
3101    -29143.359375
3102    -29143.429688
3103    -29143.500000
3104    -29143.570312
3105    -29143.642578
3106    -29143.710938
3107    -29143.781250
3108    -29143.851562
3109    -29143.921875
3110    -29143.992188
3111    -29144.058594
3112    -29144.128906
3113    -29144.199219
3114    -29144.265625
3115    -29144.333984
3116    -29144.402344
3117    -29144.468750
3118    -29144.537109
3119    -29144.603516
3120    -29144.671875
3121    -29144.738281
3122    -29144.804688
3123    -29144.871094
3124    -29144.937500
3125    -29145.003906
3126    -29145.070312
3127    -29145.132812
3128    -29145.199219
3129    -29145.265625
3130    -29145.330078
3131    -29145.394531
3132    -29145.457031
3133    -29145.521484
3134    -29145.583984
3135    -29145.644531
3136    -29145.708984
3137    -29145.769531
3138    -29145.832031
3139    -29145.892578
3140    -29145.953125
3141    -29146.015625
3142    -29146.076172
3143    -29146.136719
3144    -29146.197266
3145    -29146.257812
3146    -29146.320312
3147    -29146.378906
3148    -29146.439453
3149    -29146.500000
3150    -29146.558594
3151    -29146.619141
3152    -29146.679688
3153    -29146.738281
3154    -29146.798828
3155    -29146.857422
3156    -29146.917969
3157    -29146.974609
3158    -29147.035156
3159    -29147.089844
3160    -29147.146484
3161    -29147.207031
3162    -29147.261719
3163    -29147.320312
3164    -29147.376953
3165    -29147.433594
3166    -29147.492188
3167    -29147.548828
3168    -29147.605469
3169    -29147.660156
3170    -29147.718750
3171    -29147.771484
3172    -29147.820312
3173    -29147.867188
3174    -29147.914062
3175    -29147.960938
3176    -29148.007812
3177    -29148.056641
3178    -29148.103516
3179    -29148.152344
3180    -29148.199219
3181    -29148.246094
3182    -29148.291016
3183    -29148.337891
3184    -29148.386719
3185    -29148.431641
3186    -29148.480469
3187    -29148.525391
3188    -29148.570312
3189    -29148.617188
3190    -29148.664062
3191    -29148.710938
3192    -29148.757812
3193    -29148.804688
3194    -29148.851562
3195    -29148.896484
3196    -29148.943359
3197    -29148.988281
3198    -29149.035156
3199    -29149.080078
3200    -29149.125000
3201    -29149.171875
3202    -29149.216797
3203    -29149.261719
3204    -29149.308594
3205    -29149.355469
3206    -29149.400391
3207    -29149.445312
3208    -29149.490234
3209    -29149.535156
3210    -29149.582031
3211    -29149.625000
3212    -29149.671875
3213    -29149.714844
3214    -29149.759766
3215    -29149.804688
3216    -29149.849609
3217    -29149.894531
3218    -29149.937500
3219    -29149.984375
3220    -29150.027344
3221    -29150.072266
3222    -29150.117188
3223    -29150.160156
3224    -29150.203125
3225    -29150.250000
3226    -29150.292969
3227    -29150.332031
3228    -29150.365234
3229    -29150.400391
3230    -29150.433594
3231    -29150.464844
3232    -29150.500000
3233    -29150.533203
3234    -29150.564453
3235    -29150.599609
3236    -29150.630859
3237    -29150.664062
3238    -29150.695312
3239    -29150.730469
3240    -29150.761719
3241    -29150.794922
3242    -29150.826172
3243    -29150.861328
3244    -29150.890625
3245    -29150.923828
3246    -29150.957031
3247    -29150.988281
3248    -29151.021484
3249    -29151.052734
3250    -29151.083984
3251    -29151.117188
3252    -29151.148438
3253    -29151.181641
3254    -29151.212891
3255    -29151.244141
3256    -29151.275391
3257    -29151.306641
3258    -29151.339844
3259    -29151.369141
3260    -29151.402344
3261    -29151.433594
3262    -29151.464844
3263    -29151.496094
3264    -29151.527344
3265    -29151.558594
3266    -29151.587891
3267    -29151.619141
3268    -29151.648438
3269    -29151.679688
3270    -29151.710938
3271    -29151.740234
3272    -29151.771484
3273    -29151.800781
3274    -29151.828125
3275    -29151.857422
3276    -29151.882812
3277    -29151.910156
3278    -29151.937500
3279    -29151.964844
3280    -29151.992188
3281    -29152.019531
3282    -29152.044922
3283    -29152.072266
3284    -29152.097656
3285    -29152.125000
3286    -29152.150391
3287    -29152.175781
3288    -29152.203125
3289    -29152.228516
3290    -29152.250000
3291    -29152.273438
3292    -29152.296875
3293    -29152.320312
3294    -29152.343750
3295    -29152.365234
3296    -29152.386719
3297    -29152.410156
3298    -29152.431641
3299    -29152.453125
3300    -29152.476562
3301    -29152.498047
3302    -29152.519531
3303    -29152.541016
3304    -29152.562500
3305    -29152.583984
3306    -29152.605469
3307    -29152.625000
3308    -29152.648438
3309    -29152.667969
3310    -29152.687500
3311    -29152.708984
3312    -29152.730469
3313    -29152.750000
3314    -29152.769531
3315    -29152.789062
3316    -29152.808594
3317    -29152.830078
3318    -29152.851562
3319    -29152.871094
3320    -29152.890625
3321    -29152.910156
3322    -29152.929688
3323    -29152.949219
3324    -29152.968750
3325    -29152.986328
3326    -29153.005859
3327    -29153.023438
3328    -29153.042969
3329    -29153.062500
3330    -29153.082031
3331    -29153.101562
3332    -29153.119141
3333    -29153.136719
3334    -29153.156250
3335    -29153.173828
3336    -29153.191406
3337    -29153.208984
3338    -29153.226562
