Step            Loss
--------------------
1       -5355.491699
2       -6168.664062
3       -6981.625977
4       -7795.686523
5       -8607.577148
6       -9422.199219
7       -10235.839844
8       -11049.649414
9       -11863.548828
10      -12678.184570
11      -13492.489258
12      -14308.722656
13      -15123.253906
14      -15939.515625
15      -16754.207031
16      -17571.312500
17      -18386.199219
18      -19204.414062
19      -20021.607422
20      -20839.615234
21      -21658.013672
22      -22476.453125
23      -23295.089844
24      -24115.089844
25      -24935.980469
26      -25757.589844
27      -26578.654297
28      -27401.296875
29      -28224.734375
30      -29046.804688
31      -29871.792969
32      -30696.726562
33      -31522.984375
34      -32350.964844
35      -33179.093750
36      -34006.789062
37      -34837.472656
38      -35667.546875
39      -36500.132812
40      -37331.578125
41      -38165.742188
42      -39000.007812
43      -39836.351562
44      -40672.605469
45      -41511.675781
46      -42351.226562
47      -43192.464844
48      -44033.671875
49      -44877.062500
50      -45721.992188
51      -46568.046875
52      -47415.878906
53      -48264.757812
54      -49114.109375
55      -49966.105469
56      -50819.867188
57      -51673.003906
58      -52531.312500
59      -53387.734375
60      -54246.382812
61      -55108.914062
62      -55969.730469
63      -56833.066406
64      -57699.937500
65      -58567.125000
66      -59436.304688
67      -60306.199219
68      -61179.312500
69      -62052.570312
70      -62928.421875
71      -63806.312500
72      -64684.562500
73      -65567.046875
74      -66449.921875
75      -67335.453125
76      -68220.820312
77      -69108.750000
78      -69999.375000
79      -70890.695312
80      -71785.968750
81      -72679.734375
82      -73578.312500
83      -74478.171875
84      -75380.390625
85      -76282.296875
86      -77187.492188
87      -78094.914062
88      -79004.046875
89      -79915.617188
90      -80827.406250
91      -81742.234375
92      -82658.765625
93      -83577.593750
94      -84497.351562
95      -85417.875000
96      -86343.625000
97      -87268.906250
98      -88196.593750
99      -89127.187500
100     -90057.828125
101     -90992.984375
102     -91928.625000
103     -92865.687500
104     -93805.375000
105     -94745.671875
106     -95689.671875
107     -96635.343750
108     -97580.218750
109     -98528.828125
110     -99479.906250
111     -100431.750000
112     -101387.593750
113     -102341.921875
114     -103299.000000
115     -104258.804688
116     -105220.843750
117     -106184.789062
118     -107150.625000
119     -108116.140625
120     -109083.132812
121     -110054.875000
122     -111026.398438
123     -111998.718750
124     -112973.453125
125     -113951.039062
126     -114929.062500
127     -115908.968750
128     -116890.546875
129     -117875.203125
130     -118859.226562
131     -119844.765625
132     -120831.703125
133     -121821.835938
134     -122812.664062
135     -123805.234375
136     -124798.601562
137     -125793.875000
138     -126789.734375
139     -127788.312500
140     -128786.101562
141     -129788.000000
142     -130790.453125
143     -131792.484375
144     -132797.687500
145     -133803.218750
146     -134808.687500
147     -135817.281250
148     -136827.375000
149     -137836.718750
150     -138848.656250
151     -139861.250000
152     -140876.203125
153     -141889.375000
154     -142904.656250
155     -143921.250000
156     -144938.437500
157     -145958.531250
158     -146975.906250
159     -147998.093750
160     -149017.843750
161     -150038.671875
162     -151062.218750
163     -152083.656250
164     -153110.468750
165     -154134.593750
166     -155158.593750
167     -156184.906250
168     -157212.812500
169     -158239.187500
170     -159267.218750
171     -160294.625000
172     -161324.218750
173     -162352.843750
174     -163381.906250
175     -164413.343750
176     -165442.125000
177     -166473.593750
178     -167504.875000
179     -168535.437500
180     -169567.171875
181     -170597.750000
182     -171630.890625
183     -172661.125000
184     -173692.468750
185     -174725.250000
186     -175758.046875
187     -176788.343750
188     -177821.437500
189     -178854.250000
190     -179884.296875
191     -180916.265625
192     -181946.718750
193     -182980.750000
194     -184008.953125
195     -185040.968750
196     -186072.312500
197     -187101.937500
198     -188131.640625
199     -189160.609375
200     -190190.156250
201     -191218.406250
202     -192246.531250
203     -193272.968750
204     -194298.906250
205     -195327.046875
206     -196352.093750
207     -197377.718750
208     -198401.828125
209     -199424.375000
210     -200446.203125
211     -201468.687500
212     -202490.187500
213     -203509.703125
214     -204527.718750
215     -205547.156250
216     -206565.578125
217     -207582.671875
218     -208598.000000
219     -209611.796875
220     -210626.046875
221     -211639.406250
222     -212650.859375
223     -213659.906250
224     -214667.609375
225     -215675.875000
226     -216682.281250
227     -217687.125000
228     -218692.187500
229     -219693.875000
230     -220698.078125
231     -221696.000000
232     -222696.421875
233     -223694.031250
234     -224688.640625
235     -225683.875000
236     -226675.750000
237     -227667.125000
238     -228660.968750
239     -229647.937500
240     -230633.343750
241     -231620.000000
242     -232603.578125
243     -233584.531250
244     -234566.406250
245     -235542.718750
246     -236521.875000
247     -237495.125000
248     -238471.015625
249     -239442.156250
250     -240412.578125
251     -241378.171875
252     -242346.031250
253     -243309.312500
254     -244272.171875
255     -245232.062500
256     -246190.750000
257     -247146.796875
258     -248100.390625
259     -249053.156250
260     -250004.890625
261     -250953.906250
262     -251899.687500
263     -252845.437500
264     -253784.218750
265     -254726.093750
266     -255662.656250
267     -256600.218750
268     -257533.640625
269     -258465.265625
270     -259395.437500
271     -260321.015625
272     -261246.625000
273     -262168.250000
274     -263088.875000
275     -264005.875000
276     -264921.593750
277     -265837.875000
278     -266748.250000
279     -267658.062500
280     -268561.343750
281     -269465.437500
282     -270368.687500
283     -271267.593750
284     -272163.750000
285     -273057.500000
286     -273952.718750
287     -274839.937500
288     -275726.375000
289     -276611.250000
290     -277494.250000
291     -278374.187500
292     -279251.250000
293     -280126.593750
294     -280997.250000
295     -281867.500000
296     -282732.656250
297     -283596.312500
298     -284458.062500
299     -285316.875000
300     -286171.937500
301     -287023.000000
302     -287874.906250
303     -288721.062500
304     -289564.500000
305     -290406.812500
306     -291246.656250
307     -292085.593750
308     -292919.968750
309     -293750.906250
310     -294576.812500
311     -295403.062500
312     -296226.062500
313     -297044.562500
314     -297863.093750
315     -298675.250000
316     -299487.875000
317     -300295.625000
318     -301100.000000
319     -301901.875000
320     -302698.500000
321     -303494.093750
322     -304287.375000
323     -305076.125000
324     -305862.875000
325     -306647.218750
326     -307427.718750
327     -308207.031250
328     -308981.312500
329     -309754.250000
330     -310525.125000
331     -311289.406250
332     -312053.062500
333     -312812.562500
334     -313571.187500
335     -314327.062500
336     -315079.968750
337     -315828.062500
338     -316576.593750
339     -317316.625000
340     -318057.031250
341     -318796.156250
342     -319527.531250
343     -320258.187500
344     -320987.125000
345     -321714.906250
346     -322432.718750
347     -323152.937500
348     -323871.062500
349     -324582.312500
350     -325291.312500
351     -325997.437500
352     -326702.687500
353     -327404.031250
354     -328103.875000
355     -328795.687500
356     -329487.468750
357     -330174.687500
358     -330859.312500
359     -331543.437500
360     -332221.437500
361     -332898.562500
362     -333572.687500
363     -334244.062500
364     -334911.375000
365     -335573.937500
366     -336236.093750
367     -336894.468750
368     -337548.812500
369     -338200.000000
370     -338850.687500
371     -339497.031250
372     -340137.875000
373     -340775.468750
374     -341413.500000
375     -342044.312500
376     -342676.875000
377     -343302.562500
378     -343928.125000
379     -344548.187500
380     -345165.625000
381     -345783.000000
382     -346393.468750
383     -347001.312500
384     -347606.593750
385     -348211.312500
386     -348807.812500
387     -349405.531250
388     -349998.312500
389     -350589.062500
390     -351175.625000
391     -351757.468750
392     -352339.437500
393     -352915.562500
394     -353488.312500
395     -354059.562500
396     -354627.750000
397     -355194.187500
398     -355752.812500
399     -356313.062500
400     -356866.968750
401     -357420.093750
402     -357969.406250
403     -358514.750000
404     -359058.562500
405     -359597.937500
406     -360131.468750
407     -360666.750000
408     -361199.687500
409     -361727.375000
410     -362253.468750
411     -362777.187500
412     -363295.187500
413     -363812.125000
414     -364328.250000
415     -364838.406250
416     -365345.375000
417     -365851.000000
418     -366352.000000
419     -366849.437500
420     -367345.937500
421     -367838.000000
422     -368329.312500
423     -368817.562500
424     -369302.218750
425     -369781.593750
426     -370260.593750
427     -370736.312500
428     -371211.687500
429     -371682.187500
430     -372150.250000
431     -372617.656250
432     -373076.687500
433     -373535.406250
434     -373993.500000
435     -374444.687500
436     -374896.343750
437     -375346.718750
438     -375789.312500
439     -376231.250000
440     -376672.437500
441     -377108.093750
442     -377542.375000
443     -377974.125000
444     -378404.531250
445     -378829.062500
446     -379253.500000
447     -379675.062500
448     -380092.718750
449     -380507.250000
450     -380917.531250
451     -381328.906250
452     -381734.062500
453     -382138.500000
454     -382541.937500
455     -382942.187500
456     -383339.375000
457     -383732.718750
458     -384124.812500
459     -384511.312500
460     -384895.375000
461     -385277.875000
462     -385657.500000
463     -386034.500000
464     -386407.187500
465     -386778.875000
466     -387146.437500
467     -387510.937500
468     -387873.437500
469     -388234.937500
470     -388589.125000
471     -388943.531250
472     -389295.437500
473     -389644.937500
474     -389992.218750
475     -390336.312500
476     -390678.062500
477     -391015.531250
478     -391350.562500
479     -391683.437500
480     -392012.562500
481     -392342.062500
482     -392668.625000
483     -392994.156250
484     -393314.812500
485     -393632.843750
486     -393949.437500
487     -394263.500000
488     -394573.500000
489     -394882.500000
490     -395188.468750
491     -395493.937500
492     -395792.718750
493     -396091.781250
494     -396390.750000
495     -396685.250000
496     -396976.625000
497     -397265.843750
498     -397553.062500
499     -397839.562500
500     -398122.062500
501     -398402.250000
502     -398681.812500
503     -398956.562500
504     -399232.000000
505     -399506.375000
506     -399773.562500
507     -400040.781250
508     -400308.500000
509     -400571.250000
510     -400833.281250
511     -401092.125000
512     -401347.687500
513     -401602.437500
514     -401854.031250
515     -402104.312500
516     -402351.687500
517     -402598.187500
518     -402841.125000
519     -403083.062500
520     -403323.343750
521     -403559.531250
522     -403794.375000
523     -404029.718750
524     -404258.812500
525     -404487.656250
526     -404715.062500
527     -404939.875000
528     -405164.406250
529     -405384.937500
530     -405605.812500
531     -405825.343750
532     -406040.625000
533     -406255.031250
534     -406467.093750
535     -406677.500000
536     -406887.562500
537     -407095.437500
538     -407302.562500
539     -407506.062500
540     -407707.750000
541     -407909.687500
542     -408109.187500
543     -408306.968750
544     -408505.312500
545     -408698.562500
546     -408893.687500
547     -409086.000000
548     -409276.156250
549     -409464.500000
550     -409653.937500
551     -409837.875000
552     -410021.187500
553     -410204.875000
554     -410385.906250
555     -410563.062500
556     -410742.562500
557     -410917.937500
558     -411091.281250
559     -411264.593750
560     -411436.375000
561     -411605.843750
562     -411772.968750
563     -411939.312500
564     -412104.750000
565     -412268.843750
566     -412428.875000
567     -412590.312500
568     -412749.500000
569     -412906.875000
570     -413062.750000
571     -413219.562500
572     -413374.343750
573     -413526.937500
574     -413678.531250
575     -413829.187500
576     -413977.281250
577     -414124.562500
578     -414270.687500
579     -414413.468750
580     -414556.937500
581     -414698.656250
582     -414837.687500
583     -414976.968750
584     -415111.656250
585     -415249.750000
586     -415383.843750
587     -415518.906250
588     -415651.218750
589     -415781.250000
590     -415912.625000
591     -416039.687500
592     -416167.562500
593     -416294.156250
594     -416419.500000
595     -416543.000000
596     -416665.687500
597     -416787.343750
598     -416907.750000
599     -417028.625000
600     -417146.718750
601     -417264.843750
602     -417382.687500
603     -417498.062500
604     -417613.156250
605     -417728.437500
606     -417840.187500
607     -417952.562500
608     -418063.593750
609     -418173.687500
610     -418281.750000
611     -418391.625000
612     -418497.562500
613     -418603.593750
614     -418710.375000
615     -418814.000000
616     -418917.687500
617     -419020.843750
618     -419121.875000
619     -419222.781250
620     -419323.687500
621     -419421.656250
622     -419520.500000
623     -419617.125000
624     -419712.812500
625     -419808.531250
626     -419902.593750
627     -419995.343750
628     -420088.437500
629     -420180.156250
630     -420269.312500
631     -420360.312500
632     -420448.125000
633     -420536.437500
634     -420623.937500
635     -420710.406250
636     -420796.062500
637     -420879.937500
638     -420963.718750
639     -421047.250000
640     -421129.687500
641     -421210.218750
642     -421291.562500
643     -421371.250000
644     -421450.031250
645     -421528.562500
646     -421606.250000
647     -421682.843750
648     -421758.437500
649     -421833.875000
650     -421907.937500
651     -421982.843750
652     -422055.000000
653     -422127.937500
654     -422199.718750
655     -422271.218750
656     -422341.656250
657     -422411.500000
658     -422481.281250
659     -422550.000000
660     -422618.875000
661     -422686.531250
662     -422753.937500
663     -422821.343750
664     -422887.562500
665     -422953.437500
666     -423019.625000
667     -423083.437500
668     -423148.125000
669     -423210.718750
670     -423273.125000
671     -423335.750000
672     -423396.437500
673     -423458.031250
674     -423518.656250
675     -423578.625000
676     -423638.375000
677     -423697.375000
678     -423755.937500
679     -423813.562500
680     -423871.000000
681     -423927.500000
682     -423983.906250
683     -424039.687500
684     -424095.125000
685     -424150.250000
686     -424204.937500
687     -424258.500000
688     -424312.125000
689     -424365.093750
690     -424417.500000
691     -424469.343750
692     -424521.000000
693     -424571.625000
694     -424623.000000
695     -424672.687500
696     -424722.750000
697     -424771.937500
698     -424821.250000
699     -424869.250000
700     -424917.843750
701     -424965.406250
702     -425011.812500
703     -425058.843750
704     -425104.593750
705     -425151.125000
706     -425196.125000
707     -425241.812500
708     -425286.031250
709     -425330.750000
710     -425374.500000
711     -425417.625000
712     -425461.000000
713     -425503.437500
714     -425546.375000
715     -425588.312500
716     -425630.593750
717     -425672.031250
718     -425713.312500
719     -425754.187500
720     -425794.562500
721     -425835.031250
722     -425874.906250
723     -425914.500000
724     -425953.875000
725     -425993.156250
726     -426031.750000
727     -426070.593750
728     -426108.281250
729     -426146.312500
730     -426183.781250
731     -426220.593750
732     -426257.562500
733     -426293.968750
734     -426330.125000
735     -426366.062500
736     -426401.187500
737     -426436.312500
738     -426471.468750
739     -426505.625000
740     -426540.187500
741     -426574.437500
742     -426607.937500
743     -426641.781250
744     -426675.125000
745     -426708.250000
746     -426740.875000
747     -426774.062500
748     -426806.343750
749     -426839.250000
750     -426871.187500
751     -426902.875000
752     -426934.812500
753     -426966.187500
754     -426997.687500
755     -427028.500000
756     -427059.781250
757     -427090.125000
758     -427121.031250
759     -427151.125000
760     -427181.093750
761     -427210.687500
762     -427240.125000
763     -427269.125000
764     -427298.250000
765     -427326.812500
766     -427355.218750
767     -427383.656250
768     -427411.437500
769     -427439.562500
770     -427466.687500
771     -427494.406250
772     -427521.562500
773     -427548.593750
774     -427575.218750
775     -427602.281250
776     -427628.562500
777     -427654.687500
778     -427680.781250
779     -427706.843750
780     -427732.437500
781     -427757.875000
782     -427782.937500
783     -427808.343750
784     -427833.312500
785     -427858.187500
786     -427883.000000
787     -427907.500000
788     -427931.843750
789     -427956.312500
790     -427980.562500
791     -428004.687500
792     -428028.406250
793     -428052.312500
794     -428076.281250
795     -428099.843750
796     -428123.437500
797     -428146.875000
798     -428170.062500
799     -428193.187500
800     -428215.937500
801     -428238.843750
802     -428261.468750
803     -428283.875000
804     -428306.437500
805     -428328.625000
806     -428350.718750
807     -428372.687500
808     -428394.625000
809     -428416.218750
810     -428437.500000
811     -428459.000000
812     -428480.000000
813     -428501.062500
814     -428521.937500
815     -428542.593750
816     -428563.250000
817     -428583.812500
818     -428603.750000
819     -428624.062500
820     -428644.093750
821     -428663.812500
822     -428683.593750
823     -428703.187500
824     -428722.625000
825     -428742.125000
826     -428761.312500
827     -428780.250000
828     -428799.250000
829     -428817.906250
830     -428836.718750
831     -428854.937500
832     -428873.500000
833     -428892.000000
834     -428910.281250
835     -428928.343750
836     -428946.500000
837     -428964.437500
838     -428982.125000
839     -429000.093750
840     -429017.718750
841     -429035.312500
842     -429052.656250
843     -429070.000000
844     -429087.343750
845     -429104.437500
846     -429121.562500
847     -429138.750000
848     -429155.562500
849     -429172.375000
850     -429189.125000
851     -429205.875000
852     -429222.375000
853     -429239.125000
854     -429255.468750
855     -429271.750000
856     -429288.062500
857     -429304.343750
858     -429320.625000
859     -429336.906250
860     -429352.906250
861     -429369.125000
862     -429385.093750
863     -429401.093750
864     -429416.656250
865     -429432.375000
866     -429448.031250
867     -429463.687500
868     -429479.093750
869     -429494.187500
870     -429509.562500
871     -429524.562500
872     -429539.750000
873     -429554.781250
874     -429569.687500
875     -429584.656250
876     -429599.437500
877     -429613.843750
878     -429628.750000
879     -429643.250000
880     -429657.843750
881     -429672.250000
882     -429686.687500
883     -429701.250000
884     -429715.500000
885     -429729.875000
886     -429743.968750
887     -429758.093750
888     -429772.125000
889     -429786.062500
890     -429800.125000
891     -429814.031250
892     -429827.750000
893     -429841.531250
894     -429855.031250
895     -429868.750000
896     -429882.281250
897     -429895.750000
898     -429909.000000
899     -429922.468750
900     -429935.687500
901     -429949.000000
902     -429962.250000
903     -429975.406250
904     -429988.531250
905     -430001.531250
906     -430014.562500
907     -430027.718750
908     -430040.750000
909     -430053.750000
910     -430066.625000
911     -430079.406250
912     -430092.218750
913     -430105.031250
914     -430117.500000
915     -430130.218750
916     -430142.750000
917     -430155.250000
918     -430167.718750
919     -430180.156250
920     -430192.562500
921     -430204.812500
922     -430216.937500
923     -430229.281250
924     -430241.343750
925     -430253.468750
926     -430265.531250
927     -430277.656250
928     -430289.687500
929     -430301.562500
930     -430313.625000
931     -430325.625000
932     -430337.500000
933     -430349.375000
934     -430361.187500
935     -430373.000000
936     -430384.718750
937     -430396.406250
938     -430408.062500
939     -430419.781250
940     -430431.125000
941     -430442.593750
942     -430453.906250
943     -430465.312500
944     -430476.625000
945     -430488.000000
946     -430499.406250
947     -430510.531250
948     -430521.750000
949     -430532.812500
950     -430543.687500
951     -430554.625000
952     -430565.656250
953     -430576.500000
954     -430587.437500
955     -430598.156250
956     -430609.125000
957     -430619.875000
958     -430630.500000
959     -430641.187500
960     -430651.687500
961     -430662.375000
962     -430673.031250
963     -430683.437500
964     -430693.812500
965     -430704.062500
966     -430714.437500
967     -430724.875000
968     -430735.000000
969     -430745.312500
970     -430755.500000
971     -430765.687500
972     -430775.937500
973     -430785.937500
974     -430796.031250
975     -430806.125000
976     -430816.125000
977     -430826.062500
978     -430836.125000
979     -430846.062500
980     -430856.125000
981     -430866.125000
982     -430876.000000
983     -430885.968750
984     -430895.875000
985     -430905.625000
986     -430915.625000
987     -430925.437500
988     -430935.312500
989     -430945.218750
990     -430955.062500
991     -430964.812500
992     -430974.500000
993     -430984.250000
994     -430993.968750
995     -431003.531250
996     -431013.187500
997     -431022.718750
998     -431032.375000
999     -431041.843750
1000    -431051.125000
1001    -431060.687500
1002    -431070.125000
1003    -431079.375000
1004    -431088.875000
1005    -431098.125000
1006    -431107.437500
1007    -431116.625000
1008    -431125.937500
1009    -431135.000000
1010    -431144.125000
1011    -431153.250000
1012    -431162.437500
1013    -431171.375000
1014    -431180.375000
1015    -431189.375000
1016    -431198.187500
1017    -431207.125000
1018    -431216.125000
1019    -431224.906250
1020    -431233.750000
1021    -431242.406250
1022    -431251.312500
1023    -431260.000000
1024    -431268.687500
1025    -431277.500000
1026    -431286.156250
1027    -431294.937500
1028    -431303.687500
1029    -431312.375000
1030    -431321.062500
1031    -431329.718750
1032    -431338.375000
1033    -431347.062500
1034    -431355.750000
1035    -431364.343750
1036    -431372.875000
1037    -431381.625000
1038    -431390.187500
1039    -431398.531250
1040    -431407.125000
1041    -431415.593750
1042    -431424.000000
1043    -431432.500000
1044    -431440.937500
1045    -431449.312500
1046    -431457.625000
1047    -431466.125000
1048    -431474.375000
1049    -431482.750000
1050    -431491.062500
1051    -431499.312500
1052    -431507.562500
1053    -431515.906250
1054    -431524.218750
1055    -431532.406250
1056    -431540.562500
1057    -431548.750000
1058    -431556.937500
1059    -431565.062500
1060    -431573.187500
1061    -431581.250000
1062    -431589.375000
1063    -431597.406250
1064    -431605.625000
1065    -431613.625000
1066    -431621.625000
1067    -431629.625000
1068    -431637.687500
1069    -431645.687500
1070    -431653.687500
1071    -431661.687500
1072    -431669.625000
1073    -431677.625000
1074    -431685.562500
1075    -431693.468750
1076    -431701.375000
1077    -431709.187500
1078    -431717.125000
1079    -431724.875000
1080    -431732.750000
1081    -431740.468750
1082    -431748.218750
1083    -431756.000000
1084    -431763.750000
1085    -431771.406250
1086    -431779.093750
1087    -431786.750000
1088    -431794.375000
1089    -431802.093750
1090    -431809.687500
1091    -431817.343750
1092    -431824.875000
1093    -431832.593750
1094    -431840.250000
1095    -431847.656250
1096    -431855.312500
1097    -431862.750000
1098    -431870.375000
1099    -431877.937500
1100    -431885.562500
1101    -431893.062500
1102    -431900.625000
1103    -431908.125000
1104    -431915.687500
1105    -431923.187500
1106    -431930.687500
1107    -431938.250000
1108    -431945.750000
1109    -431953.250000
1110    -431960.718750
1111    -431968.156250
1112    -431975.687500
1113    -431983.156250
1114    -431990.468750
1115    -431997.781250
1116    -432005.187500
1117    -432012.500000
1118    -432019.812500
1119    -432027.156250
1120    -432034.406250
1121    -432041.750000
1122    -432049.031250
1123    -432056.281250
1124    -432063.531250
1125    -432070.812500
1126    -432078.031250
1127    -432085.375000
1128    -432092.531250
1129    -432099.718750
1130    -432106.906250
1131    -432114.062500
1132    -432121.312500
1133    -432128.468750
1134    -432135.687500
1135    -432142.875000
1136    -432150.000000
1137    -432157.281250
1138    -432164.375000
1139    -432171.593750
1140    -432178.750000
1141    -432185.875000
1142    -432193.000000
1143    -432200.093750
1144    -432207.312500
1145    -432214.312500
1146    -432221.437500
1147    -432228.562500
1148    -432235.562500
1149    -432242.812500
1150    -432249.750000
1151    -432256.750000
1152    -432263.750000
1153    -432270.812500
1154    -432277.781250
1155    -432284.718750
1156    -432291.750000
1157    -432298.812500
1158    -432305.687500
1159    -432312.625000
1160    -432319.750000
1161    -432326.625000
1162    -432333.625000
1163    -432340.625000
1164    -432347.562500
1165    -432354.375000
1166    -432361.343750
1167    -432368.156250
1168    -432375.062500
1169    -432381.875000
1170    -432388.562500
1171    -432395.437500
1172    -432402.218750
1173    -432408.968750
1174    -432415.843750
1175    -432422.500000
1176    -432429.343750
1177    -432436.156250
1178    -432442.843750
1179    -432449.562500
1180    -432456.406250
1181    -432463.125000
1182    -432469.812500
1183    -432476.625000
1184    -432483.375000
1185    -432490.062500
1186    -432496.812500
1187    -432503.375000
1188    -432510.187500
1189    -432516.750000
1190    -432523.468750
1191    -432530.156250
1192    -432536.781250
1193    -432543.406250
1194    -432550.125000
1195    -432556.750000
1196    -432563.468750
1197    -432570.031250
1198    -432576.687500
1199    -432583.375000
1200    -432589.937500
1201    -432596.500000
1202    -432603.125000
1203    -432609.750000
1204    -432616.312500
1205    -432622.875000
1206    -432629.406250
1207    -432635.875000
1208    -432642.437500
1209    -432648.875000
1210    -432655.375000
1211    -432661.750000
1212    -432668.187500
1213    -432674.562500
1214    -432681.031250
1215    -432687.437500
1216    -432693.750000
1217    -432700.062500
1218    -432706.593750
1219    -432713.000000
1220    -432719.250000
1221    -432725.687500
1222    -432731.968750
1223    -432738.312500
1224    -432744.687500
1225    -432751.062500
1226    -432757.312500
1227    -432763.656250
1228    -432769.875000
1229    -432776.125000
1230    -432782.375000
1231    -432788.625000
1232    -432794.843750
1233    -432801.000000
1234    -432807.250000
1235    -432813.468750
1236    -432819.625000
1237    -432825.875000
1238    -432832.062500
1239    -432838.187500
1240    -432844.312500
1241    -432850.468750
1242    -432856.562500
1243    -432862.656250
1244    -432868.812500
1245    -432874.875000
1246    -432881.000000
1247    -432886.937500
1248    -432893.031250
1249    -432899.125000
1250    -432905.281250
1251    -432911.281250
1252    -432917.312500
1253    -432923.437500
1254    -432929.468750
1255    -432935.500000
1256    -432941.500000
1257    -432947.500000
1258    -432953.562500
1259    -432959.500000
1260    -432965.500000
1261    -432971.562500
1262    -432977.500000
1263    -432983.406250
1264    -432989.406250
1265    -432995.406250
1266    -433001.375000
1267    -433007.312500
1268    -433013.312500
1269    -433019.218750
1270    -433025.125000
1271    -433031.031250
1272    -433037.000000
1273    -433042.906250
1274    -433048.750000
1275    -433054.625000
1276    -433060.593750
1277    -433066.500000
1278    -433072.375000
1279    -433078.250000
1280    -433084.125000
1281    -433089.937500
1282    -433095.781250
1283    -433101.593750
1284    -433107.437500
1285    -433113.312500
1286    -433119.093750
1287    -433124.843750
1288    -433130.593750
1289    -433136.437500
1290    -433142.187500
1291    -433147.875000
1292    -433153.687500
1293    -433159.437500
1294    -433165.125000
1295    -433170.875000
1296    -433176.687500
1297    -433182.406250
1298    -433188.031250
1299    -433193.781250
1300    -433199.500000
1301    -433205.250000
1302    -433210.937500
1303    -433216.625000
1304    -433222.187500
1305    -433227.968750
1306    -433233.625000
1307    -433239.312500
1308    -433244.937500
1309    -433250.625000
1310    -433256.312500
1311    -433261.875000
1312    -433267.593750
1313    -433273.250000
1314    -433278.781250
1315    -433284.375000
1316    -433289.906250
1317    -433295.562500
1318    -433301.031250
1319    -433306.531250
1320    -433312.093750
1321    -433317.656250
1322    -433323.125000
1323    -433328.656250
1324    -433334.187500
1325    -433339.656250
1326    -433345.250000
1327    -433350.750000
1328    -433356.312500
1329    -433361.750000
1330    -433367.281250
1331    -433372.687500
1332    -433378.187500
1333    -433383.625000
1334    -433389.062500
1335    -433394.500000
1336    -433399.906250
1337    -433405.343750
1338    -433410.750000
1339    -433416.250000
1340    -433421.656250
1341    -433427.062500
1342    -433432.500000
1343    -433437.968750
1344    -433443.312500
1345    -433448.718750
1346    -433454.125000
1347    -433459.500000
1348    -433464.781250
1349    -433470.250000
1350    -433475.625000
1351    -433480.875000
1352    -433486.281250
1353    -433491.625000
1354    -433496.937500
1355    -433502.187500
1356    -433507.562500
1357    -433512.843750
1358    -433518.187500
1359    -433523.437500
1360    -433528.781250
1361    -433533.968750
1362    -433539.250000
1363    -433544.562500
1364    -433549.750000
1365    -433554.937500
1366    -433560.093750
1367    -433565.375000
1368    -433570.500000
1369    -433575.750000
1370    -433580.875000
1371    -433586.093750
1372    -433591.250000
1373    -433596.437500
1374    -433601.625000
1375    -433606.687500
1376    -433611.843750
1377    -433616.937500
1378    -433622.187500
1379    -433627.343750
1380    -433632.375000
1381    -433637.468750
1382    -433642.500000
1383    -433647.656250
1384    -433652.718750
1385    -433657.750000
1386    -433662.812500
1387    -433667.937500
1388    -433672.937500
1389    -433678.031250
1390    -433683.000000
1391    -433688.000000
1392    -433692.906250
1393    -433697.875000
1394    -433702.812500
1395    -433707.750000
1396    -433712.718750
1397    -433717.625000
1398    -433722.562500
1399    -433727.375000
1400    -433732.250000
1401    -433737.187500
1402    -433742.062500
1403    -433746.937500
1404    -433751.843750
1405    -433756.750000
1406    -433761.687500
1407    -433766.562500
1408    -433771.375000
1409    -433776.250000
1410    -433781.156250
1411    -433786.000000
1412    -433790.875000
1413    -433795.718750
1414    -433800.500000
1415    -433805.343750
1416    -433810.187500
1417    -433815.031250
1418    -433819.875000
1419    -433824.625000
1420    -433829.375000
1421    -433834.125000
1422    -433838.937500
1423    -433843.687500
1424    -433848.437500
1425    -433853.187500
1426    -433857.906250
1427    -433862.750000
1428    -433867.468750
1429    -433872.187500
1430    -433876.875000
1431    -433881.625000
1432    -433886.250000
1433    -433890.906250
1434    -433895.687500
1435    -433900.343750
1436    -433904.968750
1437    -433909.687500
1438    -433914.343750
1439    -433919.031250
1440    -433923.625000
1441    -433928.312500
1442    -433932.937500
1443    -433937.562500
1444    -433942.187500
1445    -433946.750000
1446    -433951.437500
1447    -433956.062500
1448    -433960.625000
1449    -433965.250000
1450    -433969.812500
1451    -433974.437500
1452    -433978.937500
1453    -433983.500000
1454    -433988.031250
1455    -433992.625000
1456    -433997.093750
1457    -434001.625000
1458    -434006.156250
1459    -434010.562500
1460    -434015.093750
1461    -434019.625000
1462    -434024.031250
1463    -434028.468750
1464    -434032.812500
1465    -434037.250000
1466    -434041.656250
1467    -434046.062500
1468    -434050.500000
1469    -434054.875000
1470    -434059.250000
1471    -434063.625000
1472    -434068.000000
1473    -434072.375000
1474    -434076.750000
1475    -434081.156250
1476    -434085.468750
1477    -434089.875000
1478    -434094.187500
1479    -434098.531250
1480    -434102.875000
1481    -434107.125000
1482    -434111.562500
1483    -434115.875000
1484    -434120.125000
1485    -434124.500000
1486    -434128.812500
1487    -434133.093750
1488    -434137.375000
1489    -434141.687500
1490    -434145.937500
1491    -434150.156250
1492    -434154.437500
1493    -434158.656250
1494    -434162.843750
1495    -434167.125000
1496    -434171.375000
1497    -434175.562500
1498    -434179.812500
1499    -434184.031250
1500    -434188.187500
1501    -434192.375000
1502    -434196.625000
1503    -434200.750000
1504    -434205.000000
1505    -434209.156250
1506    -434213.312500
1507    -434217.562500
1508    -434221.750000
1509    -434225.843750
1510    -434230.000000
1511    -434234.187500
1512    -434238.375000
1513    -434242.500000
1514    -434246.593750
1515    -434250.687500
1516    -434254.875000
1517    -434258.937500
1518    -434263.062500
1519    -434267.187500
1520    -434271.218750
1521    -434275.312500
1522    -434279.437500
1523    -434283.562500
1524    -434287.625000
1525    -434291.750000
1526    -434295.875000
1527    -434299.937500
1528    -434304.000000
1529    -434308.031250
1530    -434312.125000
1531    -434316.218750
1532    -434320.312500
1533    -434324.406250
1534    -434328.437500
1535    -434332.531250
1536    -434336.531250
1537    -434340.468750
1538    -434344.562500
1539    -434348.562500
1540    -434352.562500
1541    -434356.562500
1542    -434360.500000
1543    -434364.562500
1544    -434368.531250
1545    -434372.562500
1546    -434376.562500
1547    -434380.500000
1548    -434384.500000
