Step            Loss
--------------------
1       -1684.372314
2       -2471.796875
3       -3257.555664
4       -4043.997314
5       -4829.815430
6       -5617.731445
7       -6405.175781
8       -7191.188965
9       -7978.175781
10      -8765.000000
11      -9552.210938
12      -10338.953125
13      -11126.317383
14      -11913.636719
15      -12701.540039
16      -13490.242188
17      -14276.625000
18      -15066.140625
19      -15855.713867
20      -16644.015625
21      -17434.455078
22      -18223.554688
23      -19014.085938
24      -19804.546875
25      -20596.601562
26      -21386.388672
27      -22179.566406
28      -22972.542969
29      -23765.015625
30      -24559.300781
31      -25353.855469
32      -26148.203125
33      -26945.152344
34      -27741.068359
35      -28538.398438
36      -29337.103516
37      -30136.292969
38      -30937.320312
39      -31738.363281
40      -32539.714844
41      -33342.585938
42      -34146.148438
43      -34950.859375
44      -35757.449219
45      -36564.656250
46      -37372.851562
47      -38181.273438
48      -38993.687500
49      -39804.804688
50      -40617.257812
51      -41433.429688
52      -42248.371094
53      -43065.851562
54      -43884.382812
55      -44703.828125
56      -45525.656250
57      -46347.601562
58      -47172.101562
59      -47997.148438
60      -48825.480469
61      -49652.484375
62      -50482.945312
63      -51315.382812
64      -52148.031250
65      -52982.773438
66      -53820.039062
67      -54658.574219
68      -55496.855469
69      -56339.644531
70      -57181.695312
71      -58026.570312
72      -58873.523438
73      -59722.570312
74      -60571.894531
75      -61422.929688
76      -62277.859375
77      -63133.359375
78      -63991.710938
79      -64848.492188
80      -65710.687500
81      -66572.468750
82      -67437.867188
83      -68303.718750
84      -69172.750000
85      -70042.429688
86      -70915.406250
87      -71787.515625
88      -72664.140625
89      -73542.664062
90      -74422.078125
91      -75303.265625
92      -76186.945312
93      -77071.687500
94      -77959.203125
95      -78848.203125
96      -79740.156250
97      -80632.890625
98      -81528.828125
99      -82424.031250
100     -83323.078125
101     -84224.062500
102     -85125.531250
103     -86029.320312
104     -86936.968750
105     -87844.882812
106     -88755.375000
107     -89668.226562
108     -90582.140625
109     -91496.937500
110     -92415.367188
111     -93333.390625
112     -94256.070312
113     -95179.851562
114     -96103.875000
115     -97031.859375
116     -97960.164062
117     -98890.117188
118     -99822.460938
119     -100756.937500
120     -101693.703125
121     -102630.906250
122     -103570.546875
123     -104510.671875
124     -105452.968750
125     -106397.289062
126     -107345.804688
127     -108292.906250
128     -109240.382812
129     -110191.875000
130     -111143.625000
131     -112101.031250
132     -113055.335938
133     -114014.187500
134     -114972.734375
135     -115933.351562
136     -116895.015625
137     -117858.054688
138     -118823.500000
139     -119788.812500
140     -120756.718750
141     -121725.390625
142     -122695.640625
143     -123669.328125
144     -124643.062500
145     -125616.921875
146     -126593.640625
147     -127571.281250
148     -128548.609375
149     -129528.914062
150     -130508.843750
151     -131492.078125
152     -132473.718750
153     -133459.796875
154     -134445.984375
155     -135430.562500
156     -136417.734375
157     -137406.578125
158     -138397.437500
159     -139387.843750
160     -140378.062500
161     -141370.625000
162     -142362.015625
163     -143357.437500
164     -144351.781250
165     -145348.312500
166     -146343.859375
167     -147341.375000
168     -148339.125000
169     -149337.937500
170     -150338.062500
171     -151337.093750
172     -152337.703125
173     -153339.437500
174     -154340.890625
175     -155342.718750
176     -156345.250000
177     -157349.093750
178     -158350.781250
179     -159353.984375
180     -160360.093750
181     -161363.500000
182     -162367.656250
183     -163371.312500
184     -164377.546875
185     -165382.281250
186     -166388.000000
187     -167394.546875
188     -168398.093750
189     -169405.515625
190     -170408.968750
191     -171417.281250
192     -172422.343750
193     -173426.640625
194     -174433.531250
195     -175439.312500
196     -176444.593750
197     -177448.531250
198     -178453.500000
199     -179458.515625
200     -180461.781250
201     -181467.359375
202     -182469.187500
203     -183472.734375
204     -184475.593750
205     -185479.453125
206     -186478.906250
207     -187478.000000
208     -188481.000000
209     -189480.312500
210     -190480.046875
211     -191477.546875
212     -192477.750000
213     -193473.125000
214     -194468.968750
215     -195466.046875
216     -196460.671875
217     -197453.203125
218     -198448.062500
219     -199438.781250
220     -200430.265625
221     -201421.375000
222     -202410.531250
223     -203399.265625
224     -204387.656250
225     -205375.234375
226     -206359.562500
227     -207344.062500
228     -208327.156250
229     -209307.765625
230     -210290.265625
231     -211271.656250
232     -212248.031250
233     -213227.515625
234     -214201.968750
235     -215174.562500
236     -216150.734375
237     -217121.656250
238     -218092.687500
239     -219063.265625
240     -220030.546875
241     -220997.687500
242     -221963.156250
243     -222924.187500
244     -223886.796875
245     -224848.359375
246     -225806.000000
247     -226761.984375
248     -227716.937500
249     -228670.468750
250     -229622.875000
251     -230572.937500
252     -231522.812500
253     -232465.390625
254     -233413.531250
255     -234358.187500
256     -235298.218750
257     -236238.546875
258     -237177.781250
259     -238111.593750
260     -239045.062500
261     -239978.843750
262     -240909.531250
263     -241836.390625
264     -242763.968750
265     -243686.000000
266     -244609.468750
267     -245529.687500
268     -246445.531250
269     -247363.296875
270     -248276.781250
271     -249187.437500
272     -250097.359375
273     -251005.156250
274     -251907.890625
275     -252813.468750
276     -253714.906250
277     -254612.906250
278     -255506.781250
279     -256403.625000
280     -257293.156250
281     -258182.687500
282     -259070.906250
283     -259954.968750
284     -260835.515625
285     -261718.156250
286     -262594.218750
287     -263472.187500
288     -264344.187500
289     -265214.625000
290     -266081.687500
291     -266948.562500
292     -267814.531250
293     -268674.218750
294     -269531.312500
295     -270387.562500
296     -271240.687500
297     -272092.750000
298     -272938.875000
299     -273785.968750
300     -274628.187500
301     -275468.781250
302     -276308.937500
303     -277142.875000
304     -277977.281250
305     -278807.281250
306     -279636.781250
307     -280458.750000
308     -281283.062500
309     -282103.312500
310     -282921.093750
311     -283735.750000
312     -284546.593750
313     -285355.218750
314     -286162.593750
315     -286966.562500
316     -287765.812500
317     -288567.843750
318     -289362.437500
319     -290154.281250
320     -290945.312500
321     -291730.812500
322     -292516.531250
323     -293299.781250
324     -294075.062500
325     -294852.281250
326     -295621.968750
327     -296393.562500
328     -297162.500000
329     -297925.187500
330     -298689.000000
331     -299446.187500
332     -300202.218750
333     -300954.937500
334     -301702.875000
335     -302452.375000
336     -303195.750000
337     -303935.437500
338     -304672.437500
339     -305407.812500
340     -306138.000000
341     -306866.250000
342     -307590.156250
343     -308310.625000
344     -309030.187500
345     -309746.125000
346     -310462.562500
347     -311171.062500
348     -311878.500000
349     -312582.968750
350     -313281.906250
351     -313981.718750
352     -314677.312500
353     -315371.843750
354     -316060.718750
355     -316747.750000
356     -317430.937500
357     -318111.125000
358     -318791.875000
359     -319469.312500
360     -320142.625000
361     -320812.500000
362     -321479.750000
363     -322144.718750
364     -322805.312500
365     -323462.718750
366     -324115.500000
367     -324768.531250
368     -325417.125000
369     -326063.625000
370     -326706.312500
371     -327346.250000
372     -327981.750000
373     -328619.625000
374     -329249.093750
375     -329875.687500
376     -330502.187500
377     -331123.562500
378     -331739.062500
379     -332356.312500
380     -332971.250000
381     -333581.312500
382     -334187.875000
383     -334789.500000
384     -335392.000000
385     -335990.718750
386     -336584.812500
387     -337175.312500
388     -337765.781250
389     -338349.062500
390     -338934.125000
391     -339512.562500
392     -340087.500000
393     -340661.812500
394     -341228.562500
395     -341794.593750
396     -342357.687500
397     -342914.875000
398     -343475.062500
399     -344029.093750
400     -344580.812500
401     -345127.468750
402     -345673.750000
403     -346213.843750
404     -346755.343750
405     -347292.875000
406     -347824.000000
407     -348353.062500
408     -348879.343750
409     -349400.812500
410     -349921.875000
411     -350438.187500
412     -350953.937500
413     -351461.812500
414     -351968.375000
415     -352474.500000
416     -352973.312500
417     -353471.812500
418     -353965.625000
419     -354456.562500
420     -354945.937500
421     -355428.593750
422     -355911.343750
423     -356388.125000
424     -356863.000000
425     -357333.625000
426     -357804.656250
427     -358272.000000
428     -358732.656250
429     -359195.437500
430     -359655.562500
431     -360109.125000
432     -360562.312500
433     -361010.906250
434     -361456.812500
435     -361897.750000
436     -362338.187500
437     -362776.218750
438     -363212.000000
439     -363645.187500
440     -364073.156250
441     -364498.875000
442     -364924.968750
443     -365343.906250
444     -365760.781250
445     -366177.937500
446     -366592.156250
447     -367003.062500
448     -367410.781250
449     -367816.750000
450     -368220.000000
451     -368620.125000
452     -369017.375000
453     -369413.375000
454     -369805.968750
455     -370196.500000
456     -370583.281250
457     -370969.375000
458     -371350.593750
459     -371728.093750
460     -372104.562500
461     -372478.968750
462     -372848.875000
463     -373220.937500
464     -373584.687500
465     -373948.656250
466     -374307.531250
467     -374667.750000
468     -375022.687500
469     -375371.843750
470     -375722.625000
471     -376071.562500
472     -376415.062500
473     -376759.250000
474     -377098.812500
475     -377435.125000
476     -377770.843750
477     -378104.875000
478     -378433.625000
479     -378759.687500
480     -379085.468750
481     -379407.906250
482     -379729.500000
483     -380048.093750
484     -380363.125000
485     -380676.187500
486     -380988.437500
487     -381297.875000
488     -381604.562500
489     -381909.187500
490     -382210.312500
491     -382512.750000
492     -382809.687500
493     -383104.875000
494     -383397.968750
495     -383690.062500
496     -383981.312500
497     -384268.625000
498     -384553.250000
499     -384838.406250
500     -385121.281250
501     -385399.250000
502     -385677.187500
503     -385954.781250
504     -386223.250000
505     -386493.125000
506     -386761.375000
507     -387027.281250
508     -387289.343750
509     -387550.500000
510     -387810.250000
511     -388066.187500
512     -388321.656250
513     -388576.250000
514     -388827.125000
515     -389075.812500
516     -389321.875000
517     -389565.625000
518     -389807.187500
519     -390047.375000
520     -390285.593750
521     -390522.843750
522     -390755.750000
523     -390989.375000
524     -391219.687500
525     -391450.312500
526     -391676.125000
527     -391900.968750
528     -392125.312500
529     -392346.687500
530     -392567.625000
531     -392786.093750
532     -393000.281250
533     -393216.406250
534     -393429.437500
535     -393640.562500
536     -393848.812500
537     -394055.812500
538     -394259.937500
539     -394462.375000
540     -394662.750000
541     -394863.437500
542     -395061.000000
543     -395254.843750
544     -395449.500000
545     -395641.125000
546     -395831.437500
547     -396018.500000
548     -396206.687500
549     -396390.687500
550     -396572.781250
551     -396753.875000
552     -396931.875000
553     -397111.000000
554     -397286.781250
555     -397460.843750
556     -397634.562500
557     -397806.593750
558     -397974.187500
559     -398144.218750
560     -398308.187500
561     -398473.312500
562     -398636.000000
563     -398797.187500
564     -398956.656250
565     -399113.750000
566     -399269.781250
567     -399425.000000
568     -399579.156250
569     -399730.562500
570     -399882.562500
571     -400032.937500
572     -400181.406250
573     -400329.750000
574     -400475.187500
575     -400622.500000
576     -400766.718750
577     -400909.250000
578     -401050.312500
579     -401192.750000
580     -401331.906250
581     -401469.750000
582     -401608.468750
583     -401743.500000
584     -401878.187500
585     -402012.250000
586     -402144.750000
587     -402276.750000
588     -402406.937500
589     -402535.375000
590     -402662.812500
591     -402787.937500
592     -402912.312500
593     -403036.375000
594     -403159.062500
595     -403280.906250
596     -403400.812500
597     -403520.281250
598     -403638.000000
599     -403753.718750
600     -403868.625000
601     -403983.812500
602     -404097.062500
603     -404209.468750
604     -404320.812500
605     -404432.437500
606     -404541.625000
607     -404651.062500
608     -404758.906250
609     -404866.562500
610     -404972.312500
611     -405077.562500
612     -405180.687500
613     -405284.812500
614     -405386.187500
615     -405486.750000
616     -405586.000000
617     -405684.781250
618     -405781.750000
619     -405879.625000
620     -405975.812500
621     -406069.062500
622     -406164.312500
623     -406257.250000
624     -406348.468750
625     -406438.781250
626     -406529.343750
627     -406618.906250
628     -406706.875000
629     -406794.125000
630     -406880.500000
631     -406966.625000
632     -407050.375000
633     -407133.875000
634     -407217.312500
635     -407299.406250
636     -407381.250000
637     -407462.437500
638     -407542.625000
639     -407621.250000
640     -407700.250000
641     -407777.812500
642     -407854.000000
643     -407930.593750
644     -408006.781250
645     -408080.562500
646     -408154.343750
647     -408227.187500
648     -408299.843750
649     -408371.718750
650     -408444.062500
651     -408514.750000
652     -408585.125000
653     -408653.750000
654     -408723.281250
655     -408791.875000
656     -408859.312500
657     -408926.312500
658     -408993.187500
659     -409058.937500
660     -409124.375000
661     -409188.125000
662     -409253.125000
663     -409316.218750
664     -409378.718750
665     -409441.062500
666     -409503.093750
667     -409564.062500
668     -409624.781250
669     -409684.375000
670     -409744.718750
671     -409803.687500
672     -409862.281250
673     -409921.062500
674     -409978.750000
675     -410036.000000
676     -410092.062500
677     -410148.187500
678     -410203.812500
679     -410258.718750
680     -410312.531250
681     -410366.843750
682     -410419.437500
683     -410473.125000
684     -410525.781250
685     -410577.843750
686     -410629.093750
687     -410680.406250
688     -410730.625000
689     -410780.312500
690     -410829.906250
691     -410879.062500
692     -410927.718750
693     -410976.000000
694     -411024.000000
695     -411071.968750
696     -411118.312500
697     -411165.281250
698     -411211.531250
699     -411257.312500
700     -411302.812500
701     -411348.000000
702     -411392.218750
703     -411436.062500
704     -411480.187500
705     -411523.500000
706     -411566.062500
707     -411608.968750
708     -411651.500000
709     -411694.406250
710     -411735.875000
711     -411777.312500
712     -411818.281250
713     -411859.187500
714     -411899.687500
715     -411940.062500
716     -411980.250000
717     -412019.937500
718     -412059.375000
719     -412098.781250
720     -412137.250000
721     -412176.187500
722     -412213.437500
723     -412251.312500
724     -412288.312500
725     -412325.343750
726     -412362.218750
727     -412399.000000
728     -412435.156250
729     -412470.968750
730     -412506.937500
731     -412542.625000
732     -412577.500000
733     -412612.812500
734     -412647.312500
735     -412681.750000
736     -412716.000000
737     -412750.250000
738     -412784.500000
739     -412817.875000
740     -412851.750000
741     -412884.281250
742     -412917.562500
743     -412949.843750
744     -412983.062500
745     -413015.343750
746     -413047.562500
747     -413079.625000
748     -413111.468750
749     -413143.062500
750     -413174.437500
751     -413205.593750
752     -413236.562500
753     -413267.218750
754     -413297.750000
755     -413328.031250
756     -413357.937500
757     -413388.062500
758     -413417.875000
759     -413447.187500
760     -413476.718750
761     -413505.750000
762     -413535.093750
763     -413564.000000
764     -413592.375000
765     -413620.812500
766     -413649.125000
767     -413677.281250
768     -413704.875000
769     -413732.531250
770     -413759.375000
771     -413786.812500
772     -413813.781250
773     -413840.875000
774     -413867.250000
775     -413893.906250
776     -413920.562500
777     -413946.750000
778     -413972.812500
779     -413998.781250
780     -414024.531250
781     -414050.250000
782     -414075.750000
783     -414101.312500
784     -414126.875000
785     -414151.750000
786     -414176.812500
787     -414201.593750
788     -414226.375000
789     -414251.062500
790     -414275.531250
791     -414299.875000
792     -414323.937500
