Step            Loss
--------------------
1         186.228195
2         130.199783
3          74.163025
4          18.116547
5         -37.938843
6         -94.004379
7        -150.080734
8        -206.168457
9        -262.268677
10       -318.382141
11       -374.510376
12       -430.654419
13       -486.815918
14       -542.996216
15       -599.197510
16       -655.421204
17       -711.669434
18       -767.944214
19       -824.247620
20       -880.581543
21       -936.948853
22       -993.351318
23      -1049.791870
24      -1106.272461
25      -1162.795898
26      -1219.364502
27      -1275.980591
28      -1332.646484
29      -1389.364990
30      -1446.137939
31      -1502.967773
32      -1559.856934
33      -1616.807129
34      -1673.821045
35      -1730.900391
36      -1788.047119
37      -1845.263794
38      -1902.551880
39      -1959.913696
40      -2017.350708
41      -2074.865234
42      -2132.458496
43      -2190.132812
44      -2247.889160
45      -2305.729736
46      -2363.656494
47      -2421.670410
48      -2479.773193
49      -2537.966797
50      -2596.252441
51      -2654.630859
52      -2713.104492
53      -2771.674316
54      -2830.341309
55      -2889.106934
56      -2947.973145
57      -3006.939453
58      -3066.008545
59      -3125.181152
60      -3184.457764
61      -3243.839600
62      -3303.327637
63      -3362.923340
64      -3422.626953
65      -3482.439697
66      -3542.361816
67      -3602.394531
68      -3662.538086
69      -3722.793457
70      -3783.160645
71      -3843.641113
72      -3904.234375
73      -3964.941895
74      -4025.763184
75      -4086.698730
76      -4147.749512
77      -4208.915039
78      -4270.195801
79      -4331.591797
80      -4393.103516
81      -4454.731445
82      -4516.474609
83      -4578.333008
84      -4640.307617
85      -4702.397461
86      -4764.603516
87      -4826.924805
88      -4889.361328
89      -4951.912109
90      -5014.579102
91      -5077.359375
92      -5140.237305
93      -5203.223633
94      -5266.323242
95      -5329.535156
96      -5392.859375
97      -5456.295898
98      -5519.843750
99      -5583.501953
100     -5647.271484
101     -5711.150391
102     -5775.138672
103     -5839.235352
104     -5903.439453
105     -5967.751465
106     -6032.169434
107     -6096.693359
108     -6161.321289
109     -6226.054199
110     -6290.890137
111     -6355.828125
112     -6420.868164
113     -6486.008789
114     -6551.248047
115     -6616.586914
116     -6682.023438
117     -6747.556641
118     -6813.184570
119     -6878.907715
120     -6944.724609
121     -7010.632812
122     -7076.632812
123     -7142.723145
124     -7208.901367
125     -7275.167480
126     -7341.519531
127     -7407.958008
128     -7474.478516
129     -7541.081543
130     -7607.766602
131     -7674.530273
132     -7741.374023
133     -7808.292969
134     -7875.288574
135     -7942.357910
136     -8009.499512
137     -8076.712402
138     -8143.996094
139     -8211.346680
140     -8278.764648
141     -8346.248047
142     -8413.793945
143     -8481.402344
144     -8549.070312
145     -8616.798828
146     -8684.583008
147     -8752.423828
148     -8820.318359
149     -8888.263672
150     -8956.261719
151     -9024.306641
152     -9092.400391
153     -9160.539062
154     -9228.721680
155     -9296.947266
156     -9365.212891
157     -9433.516602
158     -9501.857422
159     -9570.232422
160     -9638.642578
161     -9707.084961
162     -9775.555664
163     -9844.054688
164     -9912.580078
165     -9981.131836
166     -10049.704102
167     -10118.298828
168     -10186.912109
169     -10255.543945
170     -10324.190430
171     -10392.851562
172     -10461.523438
173     -10530.206055
174     -10598.898438
175     -10667.596680
176     -10736.298828
177     -10805.004883
178     -10873.711914
179     -10942.419922
180     -11011.123047
181     -11079.824219
182     -11148.518555
183     -11217.205078
184     -11285.881836
185     -11354.547852
186     -11423.201172
187     -11491.838867
188     -11560.459961
189     -11629.047852
190     -11697.590820
191     -11766.101562
192     -11834.569336
193     -11903.011719
194     -11971.427734
195     -12039.814453
196     -12108.169922
197     -12176.493164
198     -12244.783203
199     -12313.035156
200     -12381.250977
201     -12449.426758
202     -12517.560547
203     -12585.653320
204     -12653.700195
205     -12721.701172
206     -12789.656250
207     -12857.558594
208     -12925.412109
209     -12993.210938
210     -13060.957031
211     -13128.646484
212     -13196.279297
213     -13263.849609
214     -13331.362305
215     -13398.810547
216     -13466.189453
217     -13533.480469
218     -13600.705078
219     -13667.845703
220     -13734.897461
221     -13801.878906
222     -13868.785156
223     -13935.616211
224     -14002.373047
225     -14069.050781
226     -14135.649414
227     -14202.166992
228     -14268.602539
229     -14334.955078
230     -14401.222656
231     -14467.403320
232     -14533.496094
233     -14599.474609
234     -14665.317383
235     -14731.067383
236     -14796.725586
237     -14862.288086
238     -14927.755859
239     -14993.125000
240     -15058.395508
241     -15123.539062
242     -15188.576172
243     -15253.511719
244     -15318.342773
245     -15383.070312
246     -15447.689453
247     -15512.204102
248     -15576.589844
249     -15640.808594
250     -15704.916992
251     -15768.912109
252     -15832.793945
253     -15896.562500
254     -15960.216797
255     -16023.753906
256     -16087.175781
257     -16150.477539
258     -16213.659180
259     -16276.716797
260     -16339.653320
261     -16402.468750
262     -16465.160156
263     -16527.726562
264     -16590.167969
265     -16652.480469
266     -16714.617188
267     -16776.595703
268     -16838.433594
269     -16900.105469
270     -16961.636719
271     -17023.027344
272     -17084.285156
273     -17145.406250
274     -17206.380859
275     -17267.212891
276     -17327.910156
277     -17388.472656
278     -17448.898438
279     -17509.179688
280     -17569.312500
281     -17629.304688
282     -17689.140625
283     -17748.828125
284     -17808.367188
285     -17867.765625
286     -17927.021484
287     -17986.134766
288     -18045.082031
289     -18103.867188
290     -18162.507812
291     -18221.003906
292     -18279.351562
293     -18337.556641
294     -18395.613281
295     -18453.523438
296     -18511.287109
297     -18568.902344
298     -18626.367188
299     -18683.687500
300     -18740.853516
301     -18797.873047
302     -18854.642578
303     -18911.228516
304     -18967.656250
305     -19023.886719
306     -19079.917969
307     -19135.742188
308     -19191.414062
309     -19246.923828
310     -19302.277344
311     -19357.476562
312     -19412.521484
313     -19467.394531
314     -19522.105469
315     -19576.593750
316     -19630.892578
317     -19685.007812
318     -19738.968750
319     -19792.773438
320     -19846.408203
321     -19899.888672
322     -19953.201172
323     -20006.322266
324     -20059.281250
325     -20112.023438
326     -20164.550781
327     -20216.914062
328     -20269.085938
329     -20321.101562
330     -20372.955078
331     -20424.611328
332     -20476.060547
333     -20527.332031
334     -20578.449219
335     -20629.365234
336     -20680.054688
337     -20730.539062
338     -20780.830078
339     -20830.875000
340     -20880.734375
341     -20930.425781
342     -20979.925781
343     -21029.214844
344     -21078.289062
345     -21127.167969
346     -21175.878906
347     -21224.398438
348     -21272.722656
349     -21320.878906
350     -21368.837891
351     -21416.578125
352     -21464.152344
353     -21511.500000
354     -21558.638672
355     -21605.585938
356     -21652.378906
357     -21698.953125
358     -21745.320312
359     -21791.476562
360     -21837.375000
361     -21883.029297
362     -21928.503906
363     -21973.820312
364     -22018.789062
365     -22063.542969
366     -22108.140625
367     -22152.562500
368     -22196.773438
369     -22240.781250
370     -22284.589844
371     -22328.119141
372     -22371.332031
373     -22414.351562
374     -22457.148438
375     -22499.765625
376     -22542.218750
377     -22584.523438
378     -22626.603516
379     -22668.437500
380     -22710.105469
381     -22751.605469
382     -22792.880859
383     -22833.964844
384     -22874.859375
385     -22915.537109
386     -22956.044922
387     -22996.410156
388     -23036.542969
389     -23076.386719
390     -23115.992188
391     -23155.402344
392     -23194.601562
393     -23233.613281
394     -23272.474609
395     -23311.175781
396     -23349.695312
397     -23387.962891
398     -23426.066406
399     -23464.003906
400     -23501.769531
401     -23539.394531
402     -23576.781250
403     -23614.003906
404     -23651.035156
405     -23687.865234
406     -23724.515625
407     -23760.980469
408     -23797.273438
409     -23833.410156
410     -23869.406250
411     -23905.259766
412     -23940.835938
413     -23976.201172
414     -24011.351562
415     -24046.263672
416     -24080.828125
417     -24115.023438
418     -24148.990234
419     -24182.779297
420     -24216.332031
421     -24249.679688
422     -24282.847656
423     -24315.865234
424     -24348.695312
425     -24381.275391
426     -24413.683594
427     -24445.898438
428     -24477.890625
429     -24509.656250
430     -24541.203125
431     -24572.515625
432     -24603.681641
433     -24634.726562
434     -24665.652344
435     -24696.359375
436     -24726.894531
437     -24757.277344
438     -24787.367188
439     -24817.132812
440     -24846.623047
441     -24875.871094
442     -24904.933594
443     -24933.816406
444     -24962.554688
445     -24991.160156
446     -25019.625000
447     -25047.894531
448     -25075.988281
449     -25103.898438
450     -25131.558594
451     -25158.906250
452     -25186.007812
453     -25212.886719
454     -25239.601562
455     -25266.103516
456     -25292.462891
457     -25318.628906
458     -25344.572266
459     -25370.390625
460     -25396.017578
461     -25421.384766
462     -25446.496094
463     -25471.458984
464     -25496.314453
465     -25521.025391
466     -25545.593750
467     -25570.009766
468     -25594.296875
469     -25618.375000
470     -25642.328125
471     -25666.121094
472     -25689.728516
473     -25713.125000
474     -25736.332031
475     -25759.333984
476     -25782.156250
477     -25804.826172
478     -25827.294922
479     -25849.482422
480     -25871.457031
481     -25893.326172
482     -25915.058594
483     -25936.621094
484     -25957.972656
485     -25979.132812
486     -26000.148438
487     -26021.013672
488     -26041.730469
489     -26062.316406
490     -26082.755859
491     -26103.039062
492     -26123.148438
493     -26143.117188
494     -26162.925781
495     -26182.607422
496     -26202.054688
497     -26221.361328
498     -26240.513672
499     -26259.472656
500     -26278.265625
501     -26296.945312
502     -26315.501953
503     -26333.958984
504     -26352.289062
505     -26370.542969
506     -26388.707031
507     -26406.763672
508     -26424.724609
509     -26442.515625
510     -26460.187500
511     -26477.667969
512     -26494.958984
513     -26512.167969
514     -26529.283203
515     -26546.263672
516     -26563.050781
517     -26579.691406
518     -26596.150391
519     -26612.478516
520     -26628.669922
521     -26644.769531
522     -26660.738281
523     -26676.632812
524     -26692.386719
