Step            Loss
--------------------
1         186.228195
2         130.199783
3          74.163025
4          18.116547
5         -37.938843
6         -94.004379
7        -150.080734
8        -206.168457
9        -262.268677
10       -318.382141
11       -374.510376
12       -430.654419
13       -486.815918
14       -542.996216
15       -599.197510
16       -655.421204
17       -711.669434
18       -767.944214
19       -824.247620
20       -880.581543
21       -936.948853
22       -993.351318
23      -1049.791870
24      -1106.272461
25      -1162.795898
26      -1219.364502
27      -1275.980591
28      -1332.646484
29      -1389.364990
30      -1446.137939
31      -1502.967773
32      -1559.856934
33      -1616.807129
34      -1673.821045
35      -1730.900391
36      -1788.047119
37      -1845.263794
38      -1902.551880
39      -1959.913696
40      -2017.350708
41      -2074.865234
42      -2132.458496
43      -2190.132812
44      -2247.889160
45      -2305.729736
46      -2363.656494
47      -2421.670410
48      -2479.773193
49      -2537.966797
50      -2596.252441
51      -2654.630859
52      -2713.104492
53      -2771.674316
54      -2830.341309
55      -2889.106934
56      -2947.973145
57      -3006.939453
58      -3066.008545
59      -3125.181152
60      -3184.457764
61      -3243.839600
62      -3303.327637
63      -3362.923340
64      -3422.626953
65      -3482.439697
66      -3542.361816
67      -3602.394531
68      -3662.538086
69      -3722.793457
70      -3783.160645
71      -3843.641113
72      -3904.234375
73      -3964.941895
74      -4025.763184
75      -4086.698730
76      -4147.749512
77      -4208.915039
78      -4270.195801
79      -4331.591797
80      -4393.103516
81      -4454.731445
82      -4516.474609
83      -4578.333008
84      -4640.307617
85      -4702.397461
86      -4764.603516
87      -4826.924805
88      -4889.361328
89      -4951.912109
90      -5014.579102
91      -5077.359375
92      -5140.237305
93      -5203.223633
94      -5266.323242
95      -5329.535156
96      -5392.859375
97      -5456.295898
98      -5519.843750
99      -5583.501953
100     -5647.271484
101     -5711.150391
102     -5775.138672
103     -5839.235352
104     -5903.439453
105     -5967.751465
106     -6032.169434
107     -6096.693359
108     -6161.321289
109     -6226.054199
110     -6290.890137
111     -6355.828125
112     -6420.868164
113     -6486.008789
114     -6551.248047
115     -6616.586914
116     -6682.023438
117     -6747.556641
118     -6813.184570
119     -6878.907715
120     -6944.724609
121     -7010.632812
122     -7076.632812
123     -7142.723145
124     -7208.901367
125     -7275.167480
126     -7341.519531
127     -7407.958008
128     -7474.478516
129     -7541.081543
130     -7607.766602
131     -7674.530273
132     -7741.374023
133     -7808.292969
134     -7875.288574
135     -7942.357910
136     -8009.499512
137     -8076.712402
138     -8143.996094
139     -8211.346680
140     -8278.764648
141     -8346.248047
142     -8413.793945
143     -8481.402344
144     -8549.070312
145     -8616.798828
146     -8684.583008
147     -8752.423828
148     -8820.318359
149     -8888.263672
150     -8956.261719
151     -9024.306641
152     -9092.400391
153     -9160.539062
154     -9228.721680
155     -9296.947266
156     -9365.212891
157     -9433.516602
158     -9501.857422
159     -9570.232422
160     -9638.642578
161     -9707.084961
162     -9775.555664
163     -9844.054688
164     -9912.580078
165     -9981.131836
166     -10049.704102
167     -10118.298828
168     -10186.912109
169     -10255.543945
170     -10324.190430
171     -10392.851562
172     -10461.523438
173     -10530.206055
174     -10598.898438
175     -10667.596680
176     -10736.298828
177     -10805.004883
178     -10873.711914
179     -10942.419922
180     -11011.123047
181     -11079.824219
182     -11148.518555
183     -11217.205078
184     -11285.881836
185     -11354.547852
186     -11423.201172
187     -11491.838867
188     -11560.459961
189     -11629.047852
190     -11697.590820
191     -11766.101562
192     -11834.569336
193     -11903.011719
194     -11971.427734
195     -12039.814453
196     -12108.169922
197     -12176.493164
198     -12244.783203
199     -12313.035156
200     -12381.250977
201     -12449.426758
202     -12517.560547
203     -12585.653320
204     -12653.700195
205     -12721.701172
206     -12789.656250
207     -12857.558594
208     -12925.412109
209     -12993.210938
210     -13060.957031
211     -13128.646484
212     -13196.279297
213     -13263.849609
214     -13331.362305
215     -13398.810547
216     -13466.189453
217     -13533.480469
218     -13600.705078
219     -13667.845703
220     -13734.897461
221     -13801.878906
222     -13868.785156
223     -13935.616211
224     -14002.373047
225     -14069.050781
226     -14135.649414
227     -14202.166992
228     -14268.602539
229     -14334.955078
230     -14401.222656
231     -14467.403320
232     -14533.496094
233     -14599.474609
234     -14665.317383
235     -14731.067383
236     -14796.725586
237     -14862.288086
238     -14927.755859
239     -14993.125000
240     -15058.395508
241     -15123.539062
242     -15188.576172
243     -15253.511719
244     -15318.342773
245     -15383.070312
246     -15447.689453
247     -15512.204102
248     -15576.589844
249     -15640.808594
250     -15704.916992
251     -15768.912109
252     -15832.793945
253     -15896.562500
254     -15960.216797
255     -16023.753906
256     -16087.175781
257     -16150.477539
258     -16213.659180
259     -16276.716797
260     -16339.653320
261     -16402.468750
262     -16465.160156
263     -16527.726562
264     -16590.167969
265     -16652.480469
266     -16714.617188
267     -16776.595703
268     -16838.433594
269     -16900.105469
270     -16961.636719
271     -17023.027344
272     -17084.285156
273     -17145.406250
274     -17206.380859
275     -17267.212891
276     -17327.910156
277     -17388.472656
278     -17448.898438
279     -17509.179688
280     -17569.312500
281     -17629.304688
282     -17689.140625
283     -17748.828125
284     -17808.367188
285     -17867.765625
286     -17927.021484
287     -17986.134766
288     -18045.082031
289     -18103.867188
290     -18162.507812
291     -18221.003906
292     -18279.351562
293     -18337.556641
294     -18395.613281
295     -18453.523438
296     -18511.287109
297     -18568.902344
298     -18626.367188
299     -18683.687500
300     -18740.853516
301     -18797.873047
302     -18854.642578
303     -18911.228516
304     -18967.656250
305     -19023.886719
306     -19079.917969
307     -19135.742188
308     -19191.414062
309     -19246.923828
310     -19302.277344
311     -19357.476562
312     -19412.521484
313     -19467.394531
314     -19522.105469
315     -19576.593750
316     -19630.892578
317     -19685.007812
318     -19738.968750
319     -19792.773438
320     -19846.408203
321     -19899.888672
322     -19953.201172
323     -20006.322266
324     -20059.281250
325     -20112.023438
326     -20164.550781
327     -20216.914062
328     -20269.085938
329     -20321.101562
330     -20372.955078
331     -20424.611328
332     -20476.060547
333     -20527.332031
334     -20578.449219
335     -20629.365234
336     -20680.054688
337     -20730.539062
338     -20780.830078
339     -20830.875000
340     -20880.734375
341     -20930.425781
342     -20979.925781
343     -21029.214844
344     -21078.289062
345     -21127.167969
346     -21175.878906
347     -21224.398438
348     -21272.722656
349     -21320.878906
350     -21368.837891
351     -21416.578125
352     -21464.152344
353     -21511.500000
354     -21558.638672
355     -21605.585938
356     -21652.378906
357     -21698.953125
358     -21745.320312
359     -21791.476562
360     -21837.375000
361     -21883.029297
362     -21928.503906
363     -21973.820312
364     -22018.789062
365     -22063.542969
366     -22108.140625
367     -22152.562500
368     -22196.773438
369     -22240.781250
370     -22284.589844
371     -22328.119141
372     -22371.332031
373     -22414.351562
374     -22457.148438
375     -22499.765625
376     -22542.218750
377     -22584.523438
378     -22626.603516
379     -22668.437500
380     -22710.105469
381     -22751.605469
382     -22792.880859
383     -22833.964844
384     -22874.859375
385     -22915.537109
386     -22956.044922
387     -22996.410156
388     -23036.542969
389     -23076.386719
390     -23115.992188
391     -23155.402344
392     -23194.601562
393     -23233.613281
394     -23272.474609
395     -23311.175781
396     -23349.695312
397     -23387.962891
398     -23426.066406
399     -23464.003906
400     -23501.769531
401     -23539.394531
402     -23576.781250
403     -23614.003906
404     -23651.035156
405     -23687.865234
406     -23724.515625
407     -23760.980469
408     -23797.273438
409     -23833.410156
410     -23869.406250
411     -23905.259766
412     -23940.835938
413     -23976.201172
414     -24011.351562
415     -24046.263672
416     -24080.828125
417     -24115.023438
418     -24148.990234
419     -24182.779297
420     -24216.332031
421     -24249.679688
422     -24282.847656
423     -24315.865234
424     -24348.695312
425     -24381.275391
426     -24413.683594
427     -24445.898438
428     -24477.890625
429     -24509.656250
430     -24541.203125
431     -24572.515625
432     -24603.681641
433     -24634.726562
434     -24665.652344
435     -24696.359375
436     -24726.894531
437     -24757.277344
438     -24787.367188
439     -24817.132812
440     -24846.623047
441     -24875.871094
442     -24904.933594
443     -24933.816406
444     -24962.554688
445     -24991.160156
446     -25019.625000
447     -25047.894531
448     -25075.988281
449     -25103.898438
450     -25131.558594
451     -25158.906250
452     -25186.007812
453     -25212.886719
454     -25239.601562
455     -25266.103516
456     -25292.462891
457     -25318.628906
458     -25344.572266
459     -25370.390625
460     -25396.017578
461     -25421.384766
462     -25446.496094
463     -25471.458984
464     -25496.314453
465     -25521.025391
466     -25545.593750
467     -25570.009766
468     -25594.296875
469     -25618.375000
470     -25642.328125
471     -25666.121094
472     -25689.728516
473     -25713.125000
474     -25736.332031
475     -25759.333984
476     -25782.156250
477     -25804.826172
478     -25827.294922
479     -25849.482422
480     -25871.457031
481     -25893.326172
482     -25915.058594
483     -25936.621094
484     -25957.972656
485     -25979.132812
486     -26000.148438
487     -26021.013672
488     -26041.730469
489     -26062.316406
490     -26082.755859
491     -26103.039062
492     -26123.148438
493     -26143.117188
494     -26162.925781
495     -26182.607422
496     -26202.054688
497     -26221.361328
498     -26240.513672
499     -26259.472656
500     -26278.265625
501     -26296.945312
502     -26315.501953
503     -26333.958984
504     -26352.289062
505     -26370.542969
506     -26388.707031
507     -26406.763672
508     -26424.724609
509     -26442.515625
510     -26460.187500
511     -26477.667969
512     -26494.958984
513     -26512.167969
514     -26529.283203
515     -26546.263672
516     -26563.050781
517     -26579.691406
518     -26596.150391
519     -26612.478516
520     -26628.669922
521     -26644.769531
522     -26660.738281
523     -26676.632812
524     -26692.386719
525     -26708.066406
526     -26723.617188
527     -26739.035156
528     -26754.312500
529     -26769.523438
530     -26784.646484
531     -26799.677734
532     -26814.607422
533     -26829.423828
534     -26844.054688
535     -26858.582031
536     -26872.970703
537     -26887.179688
538     -26901.298828
539     -26915.300781
540     -26929.207031
541     -26943.042969
542     -26956.777344
543     -26970.398438
544     -26983.935547
545     -26997.402344
546     -27010.775391
547     -27024.060547
548     -27037.281250
549     -27050.392578
550     -27063.453125
551     -27076.417969
552     -27089.275391
553     -27101.960938
554     -27114.533203
555     -27127.001953
556     -27139.376953
557     -27151.503906
558     -27163.507812
559     -27175.308594
560     -27186.947266
561     -27198.515625
562     -27209.986328
563     -27221.351562
564     -27232.625000
565     -27243.828125
566     -27254.900391
567     -27265.820312
568     -27276.666016
569     -27287.402344
570     -27298.027344
571     -27308.552734
572     -27319.023438
573     -27329.435547
574     -27339.722656
575     -27349.855469
576     -27359.912109
577     -27369.851562
578     -27379.703125
579     -27389.476562
580     -27399.117188
581     -27408.675781
582     -27418.187500
583     -27427.662109
584     -27437.019531
585     -27446.308594
586     -27455.554688
587     -27464.708984
588     -27473.734375
589     -27482.667969
590     -27491.537109
591     -27500.187500
592     -27508.765625
593     -27517.238281
594     -27525.601562
595     -27533.921875
596     -27542.175781
597     -27550.402344
598     -27558.601562
599     -27566.746094
600     -27574.853516
601     -27582.861328
602     -27590.746094
603     -27598.566406
604     -27606.343750
605     -27614.089844
606     -27621.808594
607     -27629.505859
608     -27637.160156
609     -27644.720703
610     -27652.210938
611     -27659.644531
612     -27667.048828
613     -27674.396484
614     -27681.697266
615     -27688.937500
616     -27696.101562
617     -27703.234375
618     -27710.324219
619     -27717.388672
620     -27724.406250
621     -27731.361328
622     -27738.275391
623     -27745.128906
624     -27751.917969
625     -27758.673828
626     -27765.320312
627     -27771.917969
628     -27778.445312
629     -27784.910156
630     -27791.285156
631     -27797.558594
632     -27803.781250
633     -27809.964844
634     -27816.125000
635     -27822.232422
636     -27828.318359
637     -27834.335938
638     -27840.326172
639     -27846.287109
640     -27852.214844
641     -27858.083984
642     -27863.880859
643     -27869.626953
644     -27875.347656
645     -27880.984375
646     -27886.500000
647     -27891.957031
648     -27897.363281
649     -27902.726562
650     -27908.037109
651     -27913.320312
652     -27918.568359
653     -27923.773438
654     -27928.933594
655     -27934.054688
656     -27939.148438
657     -27944.226562
658     -27949.261719
659     -27954.203125
660     -27959.078125
661     -27963.941406
662     -27968.753906
663     -27973.519531
664     -27978.273438
665     -27982.998047
666     -27987.664062
667     -27992.304688
668     -27996.935547
669     -28001.531250
670     -28006.062500
671     -28010.580078
672     -28015.085938
673     -28019.578125
674     -28024.052734
675     -28028.511719
676     -28032.949219
677     -28037.339844
678     -28041.720703
679     -28046.068359
680     -28050.367188
681     -28054.652344
682     -28058.921875
683     -28063.126953
684     -28067.304688
685     -28071.472656
686     -28075.625000
687     -28079.769531
688     -28083.892578
689     -28087.917969
690     -28091.898438
691     -28095.830078
692     -28099.730469
693     -28103.617188
694     -28107.488281
695     -28111.337891
696     -28115.167969
697     -28118.984375
698     -28122.775391
699     -28126.531250
700     -28130.265625
701     -28133.990234
702     -28137.695312
703     -28141.371094
704     -28145.031250
705     -28148.658203
706     -28152.269531
707     -28155.830078
708     -28159.328125
709     -28162.804688
710     -28166.238281
711     -28169.656250
712     -28173.039062
713     -28176.386719
714     -28179.707031
715     -28182.988281
716     -28186.261719
717     -28189.515625
718     -28192.755859
719     -28195.986328
720     -28199.208984
721     -28202.421875
722     -28205.623047
723     -28208.804688
724     -28211.955078
725     -28215.097656
726     -28218.230469
727     -28221.312500
728     -28224.349609
729     -28227.318359
730     -28230.253906
731     -28233.177734
732     -28236.093750
733     -28238.998047
734     -28241.890625
735     -28244.734375
736     -28247.550781
737     -28250.351562
738     -28253.117188
739     -28255.875000
740     -28258.621094
741     -28261.355469
742     -28264.078125
743     -28266.792969
744     -28269.478516
745     -28272.150391
746     -28274.806641
747     -28277.445312
748     -28280.070312
749     -28282.656250
750     -28285.222656
751     -28287.773438
752     -28290.296875
753     -28292.802734
754     -28295.302734
755     -28297.789062
756     -28300.248047
757     -28302.679688
758     -28305.082031
759     -28307.455078
760     -28309.792969
761     -28312.119141
762     -28314.437500
763     -28316.728516
764     -28319.000000
765     -28321.257812
766     -28323.505859
767     -28325.748047
768     -28327.982422
769     -28330.207031
770     -28332.427734
771     -28334.634766
772     -28336.826172
773     -28338.996094
774     -28341.150391
775     -28343.294922
776     -28345.423828
777     -28347.539062
778     -28349.611328
779     -28351.640625
780     -28353.626953
781     -28355.601562
782     -28357.566406
783     -28359.519531
784     -28361.460938
785     -28363.378906
786     -28365.279297
787     -28367.132812
788     -28368.945312
789     -28370.742188
790     -28372.521484
791     -28374.296875
792     -28376.070312
793     -28377.832031
794     -28379.578125
795     -28381.308594
796     -28383.027344
797     -28384.732422
798     -28386.433594
799     -28388.126953
800     -28389.812500
801     -28391.488281
802     -28393.121094
803     -28394.724609
804     -28396.281250
805     -28397.800781
806     -28399.308594
807     -28400.798828
808     -28402.281250
809     -28403.751953
810     -28405.214844
811     -28406.677734
812     -28408.132812
813     -28409.589844
814     -28411.041016
815     -28412.482422
816     -28413.917969
817     -28415.347656
818     -28416.773438
819     -28418.199219
820     -28419.617188
821     -28421.031250
822     -28422.437500
823     -28423.828125
824     -28425.208984
825     -28426.585938
826     -28427.955078
827     -28429.310547
828     -28430.660156
829     -28432.007812
830     -28433.351562
831     -28434.667969
832     -28435.976562
833     -28437.259766
834     -28438.535156
835     -28439.806641
836     -28441.078125
837     -28442.343750
838     -28443.605469
839     -28444.867188
840     -28446.123047
841     -28447.378906
842     -28448.625000
843     -28449.867188
844     -28451.103516
845     -28452.335938
846     -28453.562500
847     -28454.789062
848     -28456.007812
849     -28457.220703
850     -28458.427734
851     -28459.632812
852     -28460.832031
853     -28462.023438
854     -28463.195312
855     -28464.363281
856     -28465.523438
857     -28466.675781
858     -28467.832031
859     -28468.980469
860     -28470.128906
861     -28471.277344
862     -28472.417969
863     -28473.554688
864     -28474.673828
865     -28475.789062
866     -28476.904297
867     -28478.013672
868     -28479.109375
869     -28480.207031
870     -28481.294922
871     -28482.363281
872     -28483.431641
873     -28484.494141
874     -28485.548828
875     -28486.601562
876     -28487.652344
877     -28488.699219
878     -28489.742188
879     -28490.777344
880     -28491.808594
881     -28492.832031
882     -28493.847656
883     -28494.857422
884     -28495.851562
885     -28496.843750
886     -28497.835938
887     -28498.822266
888     -28499.804688
889     -28500.769531
890     -28501.732422
891     -28502.691406
892     -28503.644531
893     -28504.593750
894     -28505.546875
895     -28506.494141
896     -28507.439453
897     -28508.380859
898     -28509.324219
899     -28510.255859
900     -28511.183594
901     -28512.113281
902     -28513.037109
903     -28513.951172
904     -28514.857422
905     -28515.753906
906     -28516.648438
907     -28517.539062
908     -28518.429688
909     -28519.312500
910     -28520.189453
911     -28521.062500
912     -28521.929688
913     -28522.792969
914     -28523.652344
915     -28524.511719
916     -28525.367188
917     -28526.222656
918     -28527.074219
919     -28527.925781
920     -28528.773438
921     -28529.621094
922     -28530.445312
923     -28531.263672
924     -28532.078125
925     -28532.890625
926     -28533.703125
927     -28534.511719
928     -28535.294922
929     -28536.078125
930     -28536.859375
931     -28537.642578
932     -28538.419922
933     -28539.197266
934     -28539.972656
935     -28540.736328
936     -28541.492188
937     -28542.234375
938     -28542.968750
939     -28543.691406
940     -28544.402344
941     -28545.113281
942     -28545.820312
943     -28546.527344
944     -28547.232422
945     -28547.933594
946     -28548.636719
947     -28549.335938
948     -28550.033203
949     -28550.730469
950     -28551.425781
951     -28552.117188
952     -28552.808594
953     -28553.500000
954     -28554.183594
955     -28554.865234
956     -28555.544922
957     -28556.222656
958     -28556.900391
959     -28557.574219
960     -28558.246094
961     -28558.916016
962     -28559.582031
963     -28560.248047
964     -28560.912109
965     -28561.574219
966     -28562.238281
967     -28562.896484
968     -28563.546875
969     -28564.197266
970     -28564.843750
971     -28565.476562
972     -28566.109375
973     -28566.740234
974     -28567.367188
975     -28567.986328
976     -28568.589844
977     -28569.185547
978     -28569.781250
979     -28570.371094
980     -28570.949219
981     -28571.531250
982     -28572.107422
983     -28572.683594
984     -28573.259766
985     -28573.830078
986     -28574.402344
987     -28574.972656
988     -28575.542969
989     -28576.109375
990     -28576.675781
991     -28577.242188
992     -28577.804688
993     -28578.367188
994     -28578.929688
995     -28579.488281
996     -28580.046875
997     -28580.599609
998     -28581.144531
999     -28581.689453
1000    -28582.230469
1001    -28582.773438
1002    -28583.308594
1003    -28583.835938
1004    -28584.363281
1005    -28584.888672
1006    -28585.414062
1007    -28585.937500
1008    -28586.460938
1009    -28586.982422
1010    -28587.500000
1011    -28588.011719
1012    -28588.519531
1013    -28589.023438
1014    -28589.527344
1015    -28590.029297
1016    -28590.531250
1017    -28591.029297
1018    -28591.529297
1019    -28592.023438
1020    -28592.511719
1021    -28592.996094
1022    -28593.476562
1023    -28593.955078
1024    -28594.433594
1025    -28594.910156
1026    -28595.384766
1027    -28595.855469
1028    -28596.326172
1029    -28596.781250
1030    -28597.230469
1031    -28597.675781
1032    -28598.125000
1033    -28598.570312
1034    -28599.015625
1035    -28599.457031
1036    -28599.898438
1037    -28600.337891
1038    -28600.777344
1039    -28601.214844
1040    -28601.652344
1041    -28602.089844
1042    -28602.523438
1043    -28602.957031
1044    -28603.390625
1045    -28603.824219
1046    -28604.240234
1047    -28604.656250
1048    -28605.064453
1049    -28605.468750
1050    -28605.855469
1051    -28606.246094
1052    -28606.632812
1053    -28607.019531
1054    -28607.406250
1055    -28607.792969
1056    -28608.177734
1057    -28608.562500
1058    -28608.945312
1059    -28609.322266
1060    -28609.697266
1061    -28610.070312
1062    -28610.445312
1063    -28610.820312
1064    -28611.191406
1065    -28611.562500
1066    -28611.933594
1067    -28612.308594
1068    -28612.679688
1069    -28613.046875
1070    -28613.416016
1071    -28613.785156
1072    -28614.152344
1073    -28614.519531
1074    -28614.884766
1075    -28615.251953
1076    -28615.619141
1077    -28615.984375
1078    -28616.349609
1079    -28616.714844
1080    -28617.078125
1081    -28617.443359
1082    -28617.808594
1083    -28618.171875
1084    -28618.535156
1085    -28618.898438
1086    -28619.259766
1087    -28619.623047
1088    -28619.978516
1089    -28620.332031
1090    -28620.687500
1091    -28621.039062
1092    -28621.390625
1093    -28621.746094
1094    -28622.095703
1095    -28622.445312
1096    -28622.796875
1097    -28623.148438
1098    -28623.500000
1099    -28623.847656
1100    -28624.199219
1101    -28624.546875
1102    -28624.898438
1103    -28625.246094
1104    -28625.593750
1105    -28625.943359
1106    -28626.291016
1107    -28626.638672
1108    -28626.986328
1109    -28627.333984
1110    -28627.681641
1111    -28628.029297
1112    -28628.375000
1113    -28628.722656
1114    -28629.068359
1115    -28629.416016
1116    -28629.761719
1117    -28630.105469
1118    -28630.449219
1119    -28630.796875
1120    -28631.126953
1121    -28631.453125
1122    -28631.779297
1123    -28632.103516
1124    -28632.429688
1125    -28632.755859
1126    -28633.080078
1127    -28633.406250
1128    -28633.730469
1129    -28634.058594
1130    -28634.378906
1131    -28634.699219
1132    -28635.015625
1133    -28635.332031
1134    -28635.642578
1135    -28635.957031
1136    -28636.269531
1137    -28636.580078
1138    -28636.890625
1139    -28637.203125
1140    -28637.511719
1141    -28637.824219
1142    -28638.132812
1143    -28638.443359
1144    -28638.755859
1145    -28639.064453
1146    -28639.375000
1147    -28639.687500
1148    -28639.994141
1149    -28640.304688
1150    -28640.617188
1151    -28640.925781
1152    -28641.234375
1153    -28641.546875
1154    -28641.855469
1155    -28642.164062
1156    -28642.476562
1157    -28642.785156
1158    -28643.089844
1159    -28643.402344
1160    -28643.710938
1161    -28644.019531
1162    -28644.326172
1163    -28644.628906
1164    -28644.933594
1165    -28645.236328
1166    -28645.539062
1167    -28645.843750
1168    -28646.146484
1169    -28646.449219
1170    -28646.751953
1171    -28647.054688
1172    -28647.359375
1173    -28647.660156
1174    -28647.962891
1175    -28648.265625
1176    -28648.566406
1177    -28648.869141
1178    -28649.171875
1179    -28649.474609
1180    -28649.775391
1181    -28650.076172
1182    -28650.378906
1183    -28650.681641
1184    -28650.982422
1185    -28651.283203
1186    -28651.583984
1187    -28651.886719
1188    -28652.187500
1189    -28652.488281
1190    -28652.789062
1191    -28653.089844
1192    -28653.390625
1193    -28653.691406
1194    -28653.992188
1195    -28654.292969
1196    -28654.593750
1197    -28654.894531
1198    -28655.193359
1199    -28655.494141
1200    -28655.792969
1201    -28656.093750
1202    -28656.392578
1203    -28656.691406
1204    -28656.992188
1205    -28657.292969
1206    -28657.587891
1207    -28657.880859
1208    -28658.175781
1209    -28658.472656
1210    -28658.765625
1211    -28659.062500
1212    -28659.355469
1213    -28659.652344
1214    -28659.945312
1215    -28660.238281
1216    -28660.531250
1217    -28660.826172
1218    -28661.119141
1219    -28661.410156
1220    -28661.701172
1221    -28661.992188
1222    -28662.283203
1223    -28662.574219
1224    -28662.865234
1225    -28663.154297
1226    -28663.445312
1227    -28663.734375
1228    -28664.021484
1229    -28664.312500
1230    -28664.601562
1231    -28664.888672
1232    -28665.177734
1233    -28665.464844
1234    -28665.751953
1235    -28666.039062
1236    -28666.328125
1237    -28666.613281
1238    -28666.898438
1239    -28667.185547
1240    -28667.472656
1241    -28667.757812
1242    -28668.042969
1243    -28668.330078
1244    -28668.613281
1245    -28668.898438
1246    -28669.183594
1247    -28669.466797
1248    -28669.750000
1249    -28670.031250
1250    -28670.316406
1251    -28670.595703
1252    -28670.873047
1253    -28671.152344
1254    -28671.433594
1255    -28671.707031
1256    -28671.982422
1257    -28672.255859
1258    -28672.531250
1259    -28672.804688
1260    -28673.078125
1261    -28673.351562
1262    -28673.625000
1263    -28673.898438
1264    -28674.169922
1265    -28674.441406
1266    -28674.712891
1267    -28674.984375
1268    -28675.253906
1269    -28675.523438
1270    -28675.789062
1271    -28676.050781
1272    -28676.314453
1273    -28676.578125
1274    -28676.839844
1275    -28677.101562
1276    -28677.363281
1277    -28677.623047
1278    -28677.882812
1279    -28678.132812
1280    -28678.386719
1281    -28678.636719
1282    -28678.890625
1283    -28679.140625
1284    -28679.390625
1285    -28679.640625
1286    -28679.890625
1287    -28680.138672
1288    -28680.388672
1289    -28680.636719
1290    -28680.884766
1291    -28681.132812
1292    -28681.380859
1293    -28681.625000
1294    -28681.875000
1295    -28682.119141
1296    -28682.363281
1297    -28682.609375
1298    -28682.855469
1299    -28683.097656
1300    -28683.343750
1301    -28683.585938
1302    -28683.830078
1303    -28684.070312
1304    -28684.304688
1305    -28684.539062
1306    -28684.771484
1307    -28685.003906
1308    -28685.238281
1309    -28685.472656
1310    -28685.703125
1311    -28685.935547
1312    -28686.167969
1313    -28686.398438
1314    -28686.628906
1315    -28686.859375
1316    -28687.089844
1317    -28687.316406
1318    -28687.537109
1319    -28687.759766
1320    -28687.980469
1321    -28688.203125
1322    -28688.421875
1323    -28688.640625
1324    -28688.859375
1325    -28689.074219
1326    -28689.292969
1327    -28689.507812
1328    -28689.722656
1329    -28689.935547
1330    -28690.148438
1331    -28690.359375
1332    -28690.570312
1333    -28690.781250
1334    -28690.992188
1335    -28691.203125
1336    -28691.414062
1337    -28691.617188
1338    -28691.816406
1339    -28692.015625
1340    -28692.214844
1341    -28692.414062
1342    -28692.609375
1343    -28692.808594
1344    -28693.003906
1345    -28693.203125
1346    -28693.398438
1347    -28693.593750
1348    -28693.791016
1349    -28693.988281
1350    -28694.183594
1351    -28694.378906
1352    -28694.574219
1353    -28694.769531
1354    -28694.962891
1355    -28695.156250
1356    -28695.349609
1357    -28695.542969
1358    -28695.738281
1359    -28695.931641
1360    -28696.125000
1361    -28696.316406
1362    -28696.507812
1363    -28696.701172
1364    -28696.892578
1365    -28697.085938
1366    -28697.277344
1367    -28697.468750
1368    -28697.658203
1369    -28697.849609
1370    -28698.041016
1371    -28698.230469
1372    -28698.421875
1373    -28698.609375
1374    -28698.800781
1375    -28698.990234
1376    -28699.181641
1377    -28699.369141
1378    -28699.558594
1379    -28699.750000
1380    -28699.937500
1381    -28700.125000
1382    -28700.314453
1383    -28700.501953
1384    -28700.689453
1385    -28700.876953
1386    -28701.062500
1387    -28701.250000
1388    -28701.439453
1389    -28701.625000
1390    -28701.812500
1391    -28701.996094
1392    -28702.183594
1393    -28702.367188
1394    -28702.552734
1395    -28702.738281
1396    -28702.923828
1397    -28703.109375
1398    -28703.292969
1399    -28703.476562
1400    -28703.662109
1401    -28703.847656
1402    -28704.031250
1403    -28704.216797
1404    -28704.402344
1405    -28704.585938
1406    -28704.771484
1407    -28704.957031
1408    -28705.142578
1409    -28705.324219
1410    -28705.509766
1411    -28705.695312
1412    -28705.880859
1413    -28706.066406
1414    -28706.250000
1415    -28706.433594
1416    -28706.621094
1417    -28706.804688
1418    -28706.992188
1419    -28707.175781
1420    -28707.361328
1421    -28707.546875
1422    -28707.730469
1423    -28707.917969
1424    -28708.105469
1425    -28708.289062
1426    -28708.476562
1427    -28708.662109
1428    -28708.847656
1429    -28709.035156
1430    -28709.218750
1431    -28709.404297
1432    -28709.593750
1433    -28709.777344
1434    -28709.964844
1435    -28710.152344
1436    -28710.339844
1437    -28710.525391
1438    -28710.712891
1439    -28710.900391
1440    -28711.089844
1441    -28711.277344
1442    -28711.464844
1443    -28711.654297
1444    -28711.839844
1445    -28712.031250
1446    -28712.218750
1447    -28712.404297
1448    -28712.593750
1449    -28712.781250
1450    -28712.968750
1451    -28713.158203
1452    -28713.347656
1453    -28713.539062
1454    -28713.726562
1455    -28713.917969
1456    -28714.105469
1457    -28714.296875
1458    -28714.488281
1459    -28714.677734
1460    -28714.867188
1461    -28715.060547
1462    -28715.250000
1463    -28715.445312
1464    -28715.634766
1465    -28715.828125
1466    -28716.019531
1467    -28716.212891
1468    -28716.406250
1469    -28716.599609
1470    -28716.792969
1471    -28716.984375
1472    -28717.179688
1473    -28717.373047
1474    -28717.570312
1475    -28717.761719
1476    -28717.949219
1477    -28718.134766
1478    -28718.318359
1479    -28718.503906
1480    -28718.689453
1481    -28718.873047
1482    -28719.058594
1483    -28719.242188
1484    -28719.425781
1485    -28719.613281
1486    -28719.798828
1487    -28719.984375
1488    -28720.169922
1489    -28720.355469
1490    -28720.542969
1491    -28720.728516
1492    -28720.916016
1493    -28721.101562
1494    -28721.289062
1495    -28721.474609
1496    -28721.664062
1497    -28721.847656
1498    -28722.039062
1499    -28722.222656
1500    -28722.410156
1501    -28722.597656
1502    -28722.785156
1503    -28722.972656
1504    -28723.160156
1505    -28723.347656
1506    -28723.535156
1507    -28723.722656
1508    -28723.910156
1509    -28724.095703
1510    -28724.283203
1511    -28724.470703
1512    -28724.656250
1513    -28724.843750
1514    -28725.031250
1515    -28725.218750
1516    -28725.404297
1517    -28725.591797
1518    -28725.777344
1519    -28725.962891
1520    -28726.148438
1521    -28726.335938
1522    -28726.519531
1523    -28726.707031
1524    -28726.892578
1525    -28727.078125
1526    -28727.263672
1527    -28727.447266
1528    -28727.630859
1529    -28727.816406
1530    -28728.000000
1531    -28728.185547
1532    -28728.367188
1533    -28728.550781
1534    -28728.734375
1535    -28728.917969
1536    -28729.101562
1537    -28729.281250
1538    -28729.460938
1539    -28729.638672
1540    -28729.812500
1541    -28729.986328
1542    -28730.158203
1543    -28730.330078
1544    -28730.501953
1545    -28730.675781
1546    -28730.843750
1547    -28731.019531
1548    -28731.189453
1549    -28731.359375
1550    -28731.529297
1551    -28731.701172
1552    -28731.869141
1553    -28732.041016
1554    -28732.207031
1555    -28732.375000
1556    -28732.542969
1557    -28732.712891
1558    -28732.878906
1559    -28733.046875
1560    -28733.212891
1561    -28733.376953
1562    -28733.539062
1563    -28733.701172
1564    -28733.863281
1565    -28734.025391
1566    -28734.185547
1567    -28734.347656
1568    -28734.507812
1569    -28734.667969
1570    -28734.826172
1571    -28734.988281
1572    -28735.144531
1573    -28735.304688
1574    -28735.460938
1575    -28735.621094
1576    -28735.777344
1577    -28735.933594
1578    -28736.089844
1579    -28736.248047
1580    -28736.402344
1581    -28736.558594
1582    -28736.714844
1583    -28736.867188
1584    -28737.023438
1585    -28737.175781
1586    -28737.328125
1587    -28737.480469
1588    -28737.634766
1589    -28737.785156
1590    -28737.937500
1591    -28738.087891
1592    -28738.238281
1593    -28738.390625
1594    -28738.541016
1595    -28738.689453
1596    -28738.835938
1597    -28738.982422
1598    -28739.126953
1599    -28739.271484
1600    -28739.417969
1601    -28739.562500
1602    -28739.705078
1603    -28739.851562
1604    -28739.994141
1605    -28740.136719
1606    -28740.281250
1607    -28740.421875
1608    -28740.566406
1609    -28740.708984
1610    -28740.849609
1611    -28740.990234
1612    -28741.132812
1613    -28741.273438
1614    -28741.414062
1615    -28741.552734
1616    -28741.695312
1617    -28741.833984
1618    -28741.972656
1619    -28742.113281
1620    -28742.250000
1621    -28742.388672
1622    -28742.527344
1623    -28742.664062
1624    -28742.800781
1625    -28742.939453
1626    -28743.076172
1627    -28743.212891
1628    -28743.347656
1629    -28743.484375
1630    -28743.621094
1631    -28743.755859
1632    -28743.892578
1633    -28744.025391
1634    -28744.160156
1635    -28744.294922
1636    -28744.431641
1637    -28744.564453
1638    -28744.697266
1639    -28744.832031
1640    -28744.964844
1641    -28745.097656
1642    -28745.230469
1643    -28745.363281
1644    -28745.496094
1645    -28745.628906
1646    -28745.759766
1647    -28745.892578
1648    -28746.023438
1649    -28746.154297
1650    -28746.285156
1651    -28746.417969
1652    -28746.546875
1653    -28746.677734
1654    -28746.808594
1655    -28746.937500
1656    -28747.068359
1657    -28747.197266
1658    -28747.328125
1659    -28747.457031
1660    -28747.585938
1661    -28747.716797
1662    -28747.843750
1663    -28747.972656
1664    -28748.101562
1665    -28748.230469
1666    -28748.357422
1667    -28748.484375
1668    -28748.613281
1669    -28748.742188
1670    -28748.869141
1671    -28748.996094
1672    -28749.121094
1673    -28749.250000
1674    -28749.376953
1675    -28749.503906
1676    -28749.628906
1677    -28749.753906
1678    -28749.880859
1679    -28750.005859
1680    -28750.132812
1681    -28750.257812
1682    -28750.384766
1683    -28750.507812
1684    -28750.632812
1685    -28750.757812
1686    -28750.884766
1687    -28751.007812
1688    -28751.132812
1689    -28751.255859
1690    -28751.378906
1691    -28751.503906
1692    -28751.626953
1693    -28751.751953
1694    -28751.875000
1695    -28751.996094
1696    -28752.119141
1697    -28752.242188
1698    -28752.367188
1699    -28752.488281
1700    -28752.609375
1701    -28752.732422
1702    -28752.855469
1703    -28752.976562
1704    -28753.097656
1705    -28753.218750
1706    -28753.339844
1707    -28753.460938
1708    -28753.582031
1709    -28753.703125
1710    -28753.824219
1711    -28753.941406
1712    -28754.062500
1713    -28754.183594
1714    -28754.302734
1715    -28754.421875
1716    -28754.541016
1717    -28754.660156
1718    -28754.779297
1719    -28754.898438
1720    -28755.015625
1721    -28755.134766
1722    -28755.253906
1723    -28755.371094
1724    -28755.488281
1725    -28755.607422
1726    -28755.724609
1727    -28755.841797
1728    -28755.958984
1729    -28756.076172
1730    -28756.193359
1731    -28756.308594
1732    -28756.425781
1733    -28756.539062
1734    -28756.656250
1735    -28756.773438
1736    -28756.886719
1737    -28757.003906
1738    -28757.117188
1739    -28757.234375
1740    -28757.341797
1741    -28757.441406
1742    -28757.542969
1743    -28757.642578
1744    -28757.742188
1745    -28757.839844
1746    -28757.941406
1747    -28758.039062
1748    -28758.140625
1749    -28758.238281
1750    -28758.335938
1751    -28758.437500
1752    -28758.533203
1753    -28758.632812
1754    -28758.730469
1755    -28758.828125
1756    -28758.923828
1757    -28759.015625
1758    -28759.111328
1759    -28759.205078
1760    -28759.300781
1761    -28759.394531
1762    -28759.488281
1763    -28759.580078
1764    -28759.673828
1765    -28759.765625
1766    -28759.859375
1767    -28759.953125
1768    -28760.044922
1769    -28760.138672
1770    -28760.230469
1771    -28760.322266
1772    -28760.414062
1773    -28760.505859
1774    -28760.597656
1775    -28760.689453
1776    -28760.781250
1777    -28760.871094
1778    -28760.964844
1779    -28761.054688
1780    -28761.144531
1781    -28761.234375
1782    -28761.326172
1783    -28761.414062
1784    -28761.503906
1785    -28761.595703
1786    -28761.685547
1787    -28761.775391
1788    -28761.863281
1789    -28761.953125
1790    -28762.042969
1791    -28762.126953
1792    -28762.212891
1793    -28762.296875
1794    -28762.382812
1795    -28762.466797
1796    -28762.550781
1797    -28762.634766
1798    -28762.718750
1799    -28762.800781
1800    -28762.886719
1801    -28762.968750
1802    -28763.050781
1803    -28763.134766
1804    -28763.218750
1805    -28763.300781
1806    -28763.382812
1807    -28763.464844
1808    -28763.548828
1809    -28763.628906
1810    -28763.710938
1811    -28763.794922
1812    -28763.876953
1813    -28763.958984
1814    -28764.039062
1815    -28764.119141
1816    -28764.201172
1817    -28764.281250
1818    -28764.361328
1819    -28764.445312
1820    -28764.523438
1821    -28764.603516
1822    -28764.683594
1823    -28764.765625
1824    -28764.845703
1825    -28764.925781
1826    -28765.003906
1827    -28765.085938
1828    -28765.162109
1829    -28765.242188
1830    -28765.320312
1831    -28765.398438
1832    -28765.472656
1833    -28765.542969
1834    -28765.617188
1835    -28765.691406
1836    -28765.765625
1837    -28765.837891
1838    -28765.910156
1839    -28765.984375
1840    -28766.054688
1841    -28766.126953
1842    -28766.199219
1843    -28766.271484
1844    -28766.341797
1845    -28766.414062
1846    -28766.484375
1847    -28766.554688
1848    -28766.625000
1849    -28766.697266
1850    -28766.769531
1851    -28766.839844
1852    -28766.910156
1853    -28766.980469
1854    -28767.050781
1855    -28767.121094
1856    -28767.191406
1857    -28767.259766
1858    -28767.332031
1859    -28767.402344
1860    -28767.472656
1861    -28767.539062
1862    -28767.611328
1863    -28767.679688
1864    -28767.746094
1865    -28767.816406
1866    -28767.886719
1867    -28767.955078
1868    -28768.023438
1869    -28768.093750
1870    -28768.164062
1871    -28768.230469
1872    -28768.300781
1873    -28768.367188
1874    -28768.437500
1875    -28768.503906
1876    -28768.570312
1877    -28768.640625
1878    -28768.708984
1879    -28768.775391
1880    -28768.843750
1881    -28768.912109
1882    -28768.980469
1883    -28769.046875
1884    -28769.115234
1885    -28769.181641
1886    -28769.250000
1887    -28769.316406
1888    -28769.382812
1889    -28769.449219
1890    -28769.515625
1891    -28769.582031
1892    -28769.648438
1893    -28769.714844
1894    -28769.781250
1895    -28769.847656
1896    -28769.914062
1897    -28769.980469
1898    -28770.046875
1899    -28770.113281
1900    -28770.179688
1901    -28770.244141
1902    -28770.308594
1903    -28770.375000
1904    -28770.441406
1905    -28770.503906
1906    -28770.570312
1907    -28770.632812
1908    -28770.697266
1909    -28770.761719
1910    -28770.822266
1911    -28770.886719
1912    -28770.949219
1913    -28771.011719
1914    -28771.074219
1915    -28771.138672
1916    -28771.201172
1917    -28771.265625
1918    -28771.328125
1919    -28771.390625
1920    -28771.453125
1921    -28771.515625
1922    -28771.576172
1923    -28771.640625
1924    -28771.703125
1925    -28771.761719
1926    -28771.820312
1927    -28771.878906
1928    -28771.939453
1929    -28771.998047
1930    -28772.058594
1931    -28772.117188
1932    -28772.175781
1933    -28772.234375
1934    -28772.292969
1935    -28772.351562
1936    -28772.410156
1937    -28772.468750
1938    -28772.525391
1939    -28772.585938
1940    -28772.644531
1941    -28772.703125
1942    -28772.761719
1943    -28772.820312
1944    -28772.876953
1945    -28772.933594
1946    -28772.992188
1947    -28773.050781
1948    -28773.109375
1949    -28773.164062
1950    -28773.218750
1951    -28773.275391
1952    -28773.332031
1953    -28773.386719
1954    -28773.439453
1955    -28773.490234
1956    -28773.542969
1957    -28773.591797
1958    -28773.644531
1959    -28773.695312
1960    -28773.744141
1961    -28773.796875
1962    -28773.847656
1963    -28773.898438
1964    -28773.949219
1965    -28774.000000
1966    -28774.050781
1967    -28774.101562
1968    -28774.152344
1969    -28774.203125
1970    -28774.253906
1971    -28774.304688
1972    -28774.355469
1973    -28774.406250
1974    -28774.455078
1975    -28774.507812
1976    -28774.556641
1977    -28774.605469
1978    -28774.656250
1979    -28774.707031
1980    -28774.757812
1981    -28774.806641
1982    -28774.855469
1983    -28774.906250
1984    -28774.957031
1985    -28775.005859
1986    -28775.054688
1987    -28775.105469
1988    -28775.156250
1989    -28775.203125
1990    -28775.253906
1991    -28775.304688
1992    -28775.353516
1993    -28775.402344
1994    -28775.451172
1995    -28775.500000
1996    -28775.550781
1997    -28775.597656
1998    -28775.646484
1999    -28775.695312
2000    -28775.746094
2001    -28775.794922
2002    -28775.841797
2003    -28775.890625
2004    -28775.941406
2005    -28775.988281
2006    -28776.035156
2007    -28776.085938
2008    -28776.132812
2009    -28776.181641
2010    -28776.230469
2011    -28776.277344
2012    -28776.326172
2013    -28776.375000
2014    -28776.421875
2015    -28776.468750
2016    -28776.515625
2017    -28776.564453
2018    -28776.613281
2019    -28776.660156
2020    -28776.707031
2021    -28776.753906
2022    -28776.800781
2023    -28776.847656
2024    -28776.894531
2025    -28776.941406
2026    -28776.988281
2027    -28777.035156
2028    -28777.082031
2029    -28777.128906
2030    -28777.173828
2031    -28777.222656
2032    -28777.269531
2033    -28777.314453
2034    -28777.359375
2035    -28777.406250
2036    -28777.453125
2037    -28777.500000
2038    -28777.542969
2039    -28777.589844
2040    -28777.636719
2041    -28777.679688
2042    -28777.726562
2043    -28777.769531
2044    -28777.816406
2045    -28777.861328
2046    -28777.906250
2047    -28777.953125
2048    -28777.996094
2049    -28778.039062
2050    -28778.083984
2051    -28778.128906
2052    -28778.171875
2053    -28778.218750
2054    -28778.261719
2055    -28778.302734
2056    -28778.343750
2057    -28778.386719
2058    -28778.427734
2059    -28778.468750
2060    -28778.507812
2061    -28778.548828
2062    -28778.587891
2063    -28778.628906
2064    -28778.667969
2065    -28778.708984
2066    -28778.748047
2067    -28778.785156
2068    -28778.828125
2069    -28778.867188
2070    -28778.906250
2071    -28778.945312
2072    -28778.984375
2073    -28779.023438
2074    -28779.062500
2075    -28779.101562
2076    -28779.140625
2077    -28779.177734
2078    -28779.214844
2079    -28779.255859
2080    -28779.292969
2081    -28779.332031
2082    -28779.371094
2083    -28779.408203
2084    -28779.445312
2085    -28779.484375
2086    -28779.521484
2087    -28779.558594
2088    -28779.597656
2089    -28779.634766
2090    -28779.671875
2091    -28779.708984
2092    -28779.746094
2093    -28779.783203
2094    -28779.820312
2095    -28779.857422
2096    -28779.894531
2097    -28779.929688
2098    -28779.964844
2099    -28780.003906
2100    -28780.039062
2101    -28780.074219
2102    -28780.111328
2103    -28780.146484
2104    -28780.183594
2105    -28780.218750
2106    -28780.255859
2107    -28780.289062
2108    -28780.320312
2109    -28780.355469
2110    -28780.386719
2111    -28780.421875
2112    -28780.453125
2113    -28780.486328
2114    -28780.519531
2115    -28780.550781
2116    -28780.583984
2117    -28780.617188
2118    -28780.648438
2119    -28780.681641
2120    -28780.712891
2121    -28780.746094
2122    -28780.777344
2123    -28780.808594
2124    -28780.841797
2125    -28780.875000
2126    -28780.904297
2127    -28780.937500
2128    -28780.968750
2129    -28781.000000
2130    -28781.031250
2131    -28781.062500
2132    -28781.093750
2133    -28781.125000
2134    -28781.156250
2135    -28781.187500
2136    -28781.218750
2137    -28781.250000
2138    -28781.279297
2139    -28781.308594
2140    -28781.341797
2141    -28781.371094
2142    -28781.402344
2143    -28781.433594
2144    -28781.464844
2145    -28781.492188
2146    -28781.523438
2147    -28781.554688
2148    -28781.583984
2149    -28781.615234
2150    -28781.644531
2151    -28781.675781
2152    -28781.703125
2153    -28781.734375
2154    -28781.765625
2155    -28781.792969
2156    -28781.824219
2157    -28781.853516
2158    -28781.878906
2159    -28781.906250
2160    -28781.933594
2161    -28781.958984
2162    -28781.986328
2163    -28782.011719
2164    -28782.037109
2165    -28782.062500
2166    -28782.089844
2167    -28782.115234
2168    -28782.140625
2169    -28782.166016
2170    -28782.191406
2171    -28782.216797
2172    -28782.242188
2173    -28782.267578
2174    -28782.292969
2175    -28782.320312
2176    -28782.343750
2177    -28782.367188
2178    -28782.392578
2179    -28782.417969
2180    -28782.441406
2181    -28782.464844
2182    -28782.488281
2183    -28782.511719
2184    -28782.535156
2185    -28782.560547
2186    -28782.583984
2187    -28782.607422
2188    -28782.630859
2189    -28782.654297
2190    -28782.677734
2191    -28782.703125
2192    -28782.726562
2193    -28782.748047
2194    -28782.773438
2195    -28782.796875
2196    -28782.820312
2197    -28782.841797
2198    -28782.867188
2199    -28782.890625
2200    -28782.912109
2201    -28782.937500
2202    -28782.958984
2203    -28782.982422
2204    -28783.005859
2205    -28783.029297
2206    -28783.052734
2207    -28783.076172
2208    -28783.099609
2209    -28783.121094
2210    -28783.144531
2211    -28783.169922
2212    -28783.193359
2213    -28783.214844
2214    -28783.238281
2215    -28783.261719
2216    -28783.285156
2217    -28783.308594
2218    -28783.332031
2219    -28783.353516
2220    -28783.375000
