1_data_1000
-1.74814e+04 -1.72109e+04 -1.71443e+04 -1.82541e+04 -1.71895e+04 
-1.93290e+04 -1.83978e+04 -1.90181e+04 -2.03887e+04 -1.83080e+04 
-1.97049e+04 -1.88044e+04 -1.93132e+04 -2.05556e+04 -1.85021e+04 
-1.97019e+04 -1.87094e+04 -1.92926e+04 -2.06068e+04 -1.85750e+04 
-1.96144e+04 -1.87775e+04 -1.93781e+04 -2.05249e+04 -1.84837e+04 
-1.95279e+04 -1.87509e+04 -1.93600e+04 -2.06308e+04 -1.85381e+04 

2_data_6000
-2.08602e+05 -2.11845e+05 -2.19105e+05 -2.05840e+05 -1.99086e+05 
-2.07382e+05 -2.11764e+05 -2.16748e+05 -2.03229e+05 -1.98418e+05 
-2.07595e+05 -2.09932e+05 -2.16167e+05 -2.05569e+05 -1.98015e+05 
-2.06056e+05 -2.10975e+05 -2.17097e+05 -2.04412e+05 -2.00281e+05 
-2.07921e+05 -2.11682e+05 -2.16867e+05 -2.07447e+05 -2.00678e+05 
-2.07705e+05 -2.12342e+05 -2.16855e+05 -2.06072e+05 -1.99202e+05 


