Step            Loss
--------------------
1       -5359.317383
2       -6172.998535
3       -6986.811523
4       -7800.766113
5       -8614.864258
6       -9429.128906
7       -10243.564453
8       -11058.186523
9       -11873.015625
10      -12688.058594
11      -13503.339844
12      -14318.879883
13      -15134.695312
14      -15950.796875
15      -16767.220703
16      -17583.986328
17      -18401.115234
18      -19218.638672
19      -20036.570312
20      -20854.945312
21      -21673.787109
22      -22493.130859
23      -23312.992188
24      -24133.410156
25      -24954.414062
26      -25776.029297
27      -26598.281250
28      -27421.212891
29      -28244.839844
30      -29069.197266
31      -29894.322266
32      -30720.238281
33      -31546.980469
34      -32374.568359
35      -33203.050781
36      -34032.445312
37      -34862.785156
38      -35694.105469
39      -36526.429688
40      -37359.789062
41      -38194.214844
42      -39029.742188
43      -39866.386719
44      -40704.195312
45      -41543.175781
46      -42383.375000
47      -43224.816406
48      -44067.511719
49      -44911.511719
50      -45756.828125
51      -46603.492188
52      -47451.523438
53      -48300.953125
54      -49151.812500
55      -50004.109375
56      -50857.871094
57      -51713.128906
58      -52569.906250
59      -53428.210938
60      -54288.078125
61      -55149.523438
62      -56012.562500
63      -56877.218750
64      -57743.511719
65      -58611.464844
66      -59481.089844
67      -60352.398438
68      -61225.414062
69      -62100.152344
70      -62976.625000
71      -63854.843750
72      -64734.835938
73      -65616.593750
74      -66500.148438
75      -67385.515625
76      -68272.679688
77      -69161.671875
78      -70052.500000
79      -70945.171875
80      -71839.703125
81      -72736.078125
82      -73634.328125
83      -74534.460938
84      -75436.468750
85      -76340.359375
86      -77246.140625
87      -78153.828125
88      -79063.406250
89      -79974.890625
90      -80888.273438
91      -81803.562500
92      -82720.781250
93      -83639.890625
94      -84560.906250
95      -85483.851562
96      -86408.695312
97      -87335.453125
98      -88264.117188
99      -89194.671875
100     -90127.140625
101     -91061.500000
102     -91997.750000
103     -92935.890625
104     -93875.921875
105     -94817.820312
106     -95761.593750
107     -96707.226562
108     -97654.718750
109     -98604.062500
110     -99555.250000
111     -100508.250000
112     -101463.093750
113     -102419.734375
114     -103378.171875
115     -104338.406250
116     -105300.421875
117     -106264.195312
118     -107229.718750
119     -108196.992188
120     -109165.992188
121     -110136.703125
122     -111109.093750
123     -112083.187500
124     -113058.937500
125     -114036.335938
126     -115015.375000
127     -115996.031250
128     -116978.265625
129     -117962.093750
130     -118947.492188
131     -119934.429688
132     -120922.882812
133     -121912.859375
134     -122904.296875
135     -123897.218750
136     -124891.562500
137     -125887.343750
138     -126884.515625
139     -127883.062500
140     -128882.976562
141     -129884.210938
142     -130886.765625
143     -131890.593750
144     -132895.687500
145     -133902.000000
146     -134909.546875
147     -135918.281250
148     -136928.156250
149     -137939.187500
150     -138951.312500
151     -139964.531250
152     -140978.812500
153     -141994.109375
154     -143010.375000
155     -144027.625000
156     -145045.781250
157     -146064.843750
158     -147084.828125
159     -148105.687500
160     -149127.343750
161     -150149.812500
162     -151173.062500
163     -152197.062500
164     -153221.781250
165     -154247.187500
166     -155273.250000
167     -156299.937500
168     -157327.234375
169     -158355.031250
170     -159383.375000
171     -160412.218750
172     -161441.531250
173     -162471.281250
174     -163501.468750
175     -164532.031250
176     -165562.937500
177     -166594.156250
178     -167625.687500
179     -168657.468750
180     -169689.468750
181     -170721.687500
182     -171754.046875
183     -172786.562500
184     -173819.156250
185     -174851.750000
186     -175884.375000
187     -176916.968750
188     -177949.546875
189     -178982.093750
190     -180014.500000
191     -181046.828125
192     -182078.984375
193     -183110.968750
194     -184142.593750
195     -185173.968750
196     -186205.062500
197     -187235.843750
198     -188266.218750
199     -189296.156250
200     -190325.671875
201     -191354.750000
202     -192383.343750
203     -193411.406250
204     -194438.953125
205     -195465.875000
206     -196492.031250
207     -197517.500000
208     -198542.312500
209     -199566.312500
210     -200589.562500
211     -201612.031250
212     -202633.703125
213     -203654.593750
214     -204674.562500
215     -205693.625000
216     -206711.781250
217     -207729.031250
218     -208745.328125
219     -209760.593750
220     -210774.781250
221     -211787.812500
222     -212799.750000
223     -213810.453125
224     -214820.015625
225     -215828.406250
226     -216835.671875
227     -217841.718750
228     -218846.375000
229     -219849.796875
230     -220851.937500
231     -221852.687500
232     -222852.078125
233     -223850.125000
234     -224846.781250
235     -225842.031250
236     -226835.843750
237     -227828.218750
238     -228819.125000
239     -229808.453125
240     -230796.000000
241     -231781.843750
242     -232766.062500
243     -233748.625000
244     -234729.546875
245     -235708.781250
246     -236686.343750
247     -237662.093750
248     -238636.031250
249     -239608.218750
250     -240578.546875
251     -241546.937500
252     -242513.453125
253     -243478.062500
254     -244440.890625
255     -245401.750000
256     -246360.656250
257     -247317.687500
258     -248272.843750
259     -249226.015625
260     -250177.171875
261     -251126.328125
262     -252073.281250
263     -253018.093750
264     -253960.843750
265     -254901.484375
266     -255839.953125
267     -256776.359375
268     -257710.562500
269     -258642.609375
270     -259572.500000
271     -260500.281250
272     -261425.953125
273     -262349.125000
274     -263269.937500
275     -264188.500000
276     -265104.875000
277     -266018.937500
278     -266930.500000
279     -267839.625000
280     -268746.406250
281     -269650.843750
282     -270552.937500
283     -271452.781250
284     -272350.250000
285     -273245.406250
286     -274138.125000
287     -275028.312500
288     -275916.093750
289     -276801.312500
290     -277684.187500
291     -278564.406250
292     -279442.062500
293     -280316.875000
294     -281189.218750
295     -282058.687500
296     -282925.562500
297     -283789.906250
298     -284651.500000
299     -285509.906250
300     -286365.531250
301     -287218.687500
302     -288069.156250
303     -288916.937500
304     -289762.031250
305     -290604.500000
306     -291444.500000
307     -292281.968750
308     -293116.781250
309     -293948.562500
310     -294777.437500
311     -295603.531250
312     -296426.625000
313     -297246.968750
314     -298064.468750
315     -298878.906250
316     -299690.250000
317     -300498.187500
318     -301303.062500
319     -302105.125000
320     -302904.218750
321     -303700.187500
322     -304493.156250
323     -305283.000000
324     -306070.312500
325     -306854.562500
326     -307636.031250
327     -308414.531250
328     -309190.281250
329     -309963.062500
330     -310733.000000
331     -311500.250000
332     -312264.562500
333     -313025.812500
334     -313784.000000
335     -314539.062500
336     -315291.281250
337     -316040.593750
338     -316787.000000
339     -317530.468750
340     -318271.093750
341     -319009.125000
342     -319744.000000
343     -320475.437500
344     -321204.000000
345     -321929.687500
346     -322652.156250
347     -323371.625000
348     -324088.062500
349     -324801.312500
350     -325511.656250
351     -326218.812500
352     -326923.156250
353     -327624.562500
354     -328322.750000
355     -329017.875000
356     -329709.843750
357     -330398.500000
358     -331084.062500
359     -331766.937500
360     -332447.000000
361     -333124.000000
362     -333798.093750
363     -334468.875000
364     -335136.593750
365     -335801.437500
366     -336463.343750
367     -337121.781250
368     -337777.312500
369     -338429.937500
370     -339079.187500
371     -339725.062500
372     -340367.500000
373     -341006.937500
374     -341643.500000
375     -342276.906250
376     -342907.500000
377     -343535.187500
378     -344160.125000
379     -344781.875000
380     -345400.437500
381     -346015.562500
382     -346627.750000
383     -347237.187500
384     -347843.625000
385     -348446.750000
386     -349046.437500
387     -349642.687500
388     -350235.812500
389     -350825.937500
390     -351412.812500
391     -351996.687500
392     -352577.250000
393     -353154.625000
394     -353728.937500
395     -354300.250000
396     -354868.625000
397     -355433.750000
398     -355995.906250
399     -356554.875000
400     -357110.312500
401     -357662.750000
402     -358212.062500
403     -358758.406250
404     -359301.750000
405     -359842.031250
406     -360379.750000
407     -360914.375000
408     -361446.375000
409     -361975.593750
410     -362501.656250
411     -363024.687500
412     -363544.812500
413     -364061.937500
414     -364576.093750
415     -365087.187500
416     -365595.406250
417     -366100.687500
418     -366602.718750
419     -367102.031250
420     -367598.593750
421     -368091.937500
422     -368582.437500
423     -369070.250000
424     -369555.187500
425     -370037.437500
426     -370517.062500
427     -370994.062500
428     -371468.062500
429     -371939.250000
430     -372407.593750
431     -372872.718750
432     -373335.093750
433     -373794.593750
434     -374250.937500
435     -374704.437500
436     -375155.125000
437     -375603.437500
438     -376048.875000
439     -376491.687500
440     -376932.062500
441     -377369.593750
442     -377804.562500
443     -378236.625000
444     -378666.187500
445     -379093.062500
446     -379516.812500
447     -379937.531250
448     -380355.312500
449     -380770.406250
450     -381182.687500
451     -381592.531250
452     -382000.250000
453     -382405.625000
454     -382808.625000
455     -383208.687500
456     -383606.031250
457     -384000.625000
458     -384391.937500
459     -384780.281250
460     -385165.375000
461     -385547.437500
462     -385926.875000
463     -386304.000000
464     -386677.937500
465     -387049.281250
466     -387417.906250
467     -387783.812500
468     -388146.187500
469     -388505.937500
470     -388863.250000
471     -389218.000000
472     -389570.031250
473     -389919.625000
474     -390266.625000
475     -390611.000000
476     -390952.593750
477     -391291.093750
478     -391626.687500
479     -391960.093750
480     -392291.062500
481     -392619.687500
482     -392946.187500
483     -393270.593750
484     -393592.312500
485     -393911.562500
486     -394228.375000
487     -394542.562500
488     -394854.156250
489     -395163.062500
490     -395469.687500
491     -395773.875000
492     -396075.687500
493     -396375.125000
494     -396672.562500
495     -396967.375000
496     -397259.468750
497     -397549.375000
498     -397837.093750
499     -398123.062500
500     -398407.062500
501     -398688.156250
502     -398966.937500
503     -399243.437500
504     -399518.187500
505     -399790.968750
506     -400061.687500
507     -400330.093750
508     -400596.062500
509     -400859.875000
510     -401121.375000
511     -401380.625000
512     -401637.500000
513     -401892.250000
514     -402144.781250
515     -402395.000000
516     -402643.093750
517     -402889.250000
518     -403133.218750
519     -403374.812500
520     -403614.375000
521     -403852.125000
