Step            Loss
--------------------
1       -5355.491699
2       -6168.664062
3       -6981.625977
4       -7795.686523
5       -8607.577148
6       -9422.199219
7       -10235.839844
8       -11049.649414
9       -11863.548828
10      -12678.184570
11      -13492.489258
12      -14308.722656
13      -15123.253906
14      -15939.515625
15      -16754.207031
16      -17571.312500
17      -18386.199219
18      -19204.414062
19      -20021.607422
20      -20839.615234
21      -21658.013672
22      -22476.453125
23      -23295.089844
24      -24115.089844
25      -24935.980469
26      -25757.589844
27      -26578.654297
28      -27401.296875
29      -28224.734375
30      -29046.804688
31      -29871.792969
32      -30696.726562
33      -31522.984375
34      -32350.964844
35      -33179.093750
36      -34006.789062
37      -34837.472656
38      -35667.546875
39      -36500.132812
40      -37331.578125
41      -38165.742188
42      -39000.007812
43      -39836.351562
44      -40672.605469
45      -41511.675781
46      -42351.226562
47      -43192.464844
48      -44033.671875
49      -44877.062500
50      -45721.992188
51      -46568.046875
52      -47415.878906
53      -48264.757812
54      -49114.109375
55      -49966.105469
56      -50819.867188
57      -51673.003906
58      -52531.312500
59      -53387.734375
60      -54246.382812
61      -55108.914062
62      -55969.730469
63      -56833.066406
64      -57699.937500
65      -58567.125000
66      -59436.304688
67      -60306.199219
68      -61179.312500
69      -62052.570312
70      -62928.421875
71      -63806.312500
72      -64684.562500
73      -65567.046875
74      -66449.921875
75      -67335.453125
76      -68220.820312
77      -69108.750000
78      -69999.375000
79      -70890.695312
80      -71785.968750
81      -72679.734375
82      -73578.312500
83      -74478.171875
84      -75380.390625
85      -76282.296875
86      -77187.492188
87      -78094.914062
88      -79004.046875
89      -79915.617188
90      -80827.406250
91      -81742.234375
92      -82658.765625
93      -83577.593750
94      -84497.351562
95      -85417.875000
96      -86343.625000
97      -87268.906250
98      -88196.593750
99      -89127.187500
100     -90057.828125
101     -90992.984375
102     -91928.625000
103     -92865.687500
104     -93805.375000
105     -94745.671875
106     -95689.671875
107     -96635.343750
108     -97580.218750
109     -98528.828125
110     -99479.906250
111     -100431.750000
112     -101387.593750
113     -102341.921875
114     -103299.000000
115     -104258.804688
116     -105220.843750
117     -106184.789062
118     -107150.625000
119     -108116.140625
120     -109083.132812
121     -110054.875000
122     -111026.398438
123     -111998.718750
124     -112973.453125
125     -113951.039062
126     -114929.062500
127     -115908.968750
128     -116890.546875
129     -117875.203125
130     -118859.226562
131     -119844.765625
132     -120831.703125
133     -121821.835938
134     -122812.664062
135     -123805.234375
136     -124798.601562
137     -125793.875000
138     -126789.734375
139     -127788.312500
140     -128786.101562
141     -129788.000000
142     -130790.453125
143     -131792.484375
144     -132797.687500
145     -133803.218750
146     -134808.687500
147     -135817.281250
148     -136827.375000
149     -137836.718750
150     -138848.656250
151     -139861.250000
152     -140876.203125
153     -141889.375000
154     -142904.656250
155     -143921.250000
156     -144938.437500
157     -145958.531250
158     -146975.906250
159     -147998.093750
160     -149017.843750
161     -150038.671875
162     -151062.218750
163     -152083.656250
164     -153110.468750
165     -154134.593750
166     -155158.593750
167     -156184.906250
168     -157212.812500
169     -158239.187500
170     -159267.218750
171     -160294.625000
172     -161324.218750
173     -162352.843750
174     -163381.906250
175     -164413.343750
176     -165442.125000
177     -166473.593750
178     -167504.875000
179     -168535.437500
180     -169567.171875
181     -170597.750000
182     -171630.890625
183     -172661.125000
184     -173692.468750
185     -174725.250000
186     -175758.046875
187     -176788.343750
188     -177821.437500
189     -178854.250000
190     -179884.296875
191     -180916.265625
192     -181946.718750
193     -182980.750000
194     -184008.953125
195     -185040.968750
196     -186072.312500
197     -187101.937500
198     -188131.640625
199     -189160.609375
200     -190190.156250
201     -191218.406250
202     -192246.531250
203     -193272.968750
204     -194298.906250
205     -195327.046875
206     -196352.093750
207     -197377.718750
208     -198401.828125
209     -199424.375000
210     -200446.203125
211     -201468.687500
212     -202490.187500
213     -203509.703125
214     -204527.718750
215     -205547.156250
216     -206565.578125
217     -207582.671875
218     -208598.000000
219     -209611.796875
220     -210626.046875
221     -211639.406250
222     -212650.859375
223     -213659.906250
224     -214667.609375
225     -215675.875000
226     -216682.281250
227     -217687.125000
228     -218692.187500
229     -219693.875000
230     -220698.078125
231     -221696.000000
232     -222696.421875
233     -223694.031250
234     -224688.640625
235     -225683.875000
236     -226675.750000
237     -227667.125000
238     -228660.968750
239     -229647.937500
240     -230633.343750
241     -231620.000000
242     -232603.578125
243     -233584.531250
244     -234566.406250
245     -235542.718750
246     -236521.875000
247     -237495.125000
248     -238471.015625
249     -239442.156250
250     -240412.578125
251     -241378.171875
252     -242346.031250
253     -243309.312500
254     -244272.171875
255     -245232.062500
256     -246190.750000
257     -247146.796875
258     -248100.390625
259     -249053.156250
260     -250004.890625
261     -250953.906250
262     -251899.687500
263     -252845.437500
264     -253784.218750
265     -254726.093750
266     -255662.656250
267     -256600.218750
268     -257533.640625
269     -258465.265625
270     -259395.437500
271     -260321.015625
272     -261246.625000
273     -262168.250000
274     -263088.875000
275     -264005.875000
276     -264921.593750
277     -265837.875000
278     -266748.250000
279     -267658.062500
280     -268561.343750
281     -269465.437500
282     -270368.687500
283     -271267.593750
284     -272163.750000
285     -273057.500000
286     -273952.718750
287     -274839.937500
288     -275726.375000
289     -276611.250000
290     -277494.250000
291     -278374.187500
292     -279251.250000
293     -280126.593750
294     -280997.250000
295     -281867.500000
296     -282732.656250
297     -283596.312500
298     -284458.062500
299     -285316.875000
300     -286171.937500
301     -287023.000000
302     -287874.906250
303     -288721.062500
304     -289564.500000
305     -290406.812500
306     -291246.656250
307     -292085.593750
308     -292919.968750
309     -293750.906250
310     -294576.812500
311     -295403.062500
312     -296226.062500
313     -297044.562500
314     -297863.093750
315     -298675.250000
316     -299487.875000
317     -300295.625000
318     -301100.000000
319     -301901.875000
320     -302698.500000
321     -303494.093750
322     -304287.375000
323     -305076.125000
324     -305862.875000
325     -306647.218750
326     -307427.718750
327     -308207.031250
328     -308981.312500
329     -309754.250000
330     -310525.125000
331     -311289.406250
332     -312053.062500
333     -312812.562500
334     -313571.187500
335     -314327.062500
336     -315079.968750
337     -315828.062500
338     -316576.593750
339     -317316.625000
340     -318057.031250
341     -318796.156250
342     -319527.531250
343     -320258.187500
344     -320987.125000
345     -321714.906250
346     -322432.718750
347     -323152.937500
348     -323871.062500
349     -324582.312500
350     -325291.312500
351     -325997.437500
352     -326702.687500
353     -327404.031250
354     -328103.875000
355     -328795.687500
356     -329487.468750
357     -330174.687500
358     -330859.312500
359     -331543.437500
360     -332221.437500
361     -332898.562500
362     -333572.687500
363     -334244.062500
364     -334911.375000
365     -335573.937500
366     -336236.093750
367     -336894.468750
368     -337548.812500
369     -338200.000000
370     -338850.687500
371     -339497.031250
372     -340137.875000
373     -340775.468750
374     -341413.500000
375     -342044.312500
376     -342676.875000
377     -343302.562500
378     -343928.125000
379     -344548.187500
380     -345165.625000
381     -345783.000000
382     -346393.468750
383     -347001.312500
384     -347606.593750
385     -348211.312500
386     -348807.812500
387     -349405.531250
388     -349998.312500
389     -350589.062500
390     -351175.625000
391     -351757.468750
392     -352339.437500
393     -352915.562500
394     -353488.312500
395     -354059.562500
396     -354627.750000
397     -355194.187500
398     -355752.812500
399     -356313.062500
400     -356866.968750
401     -357420.093750
402     -357969.406250
403     -358514.750000
404     -359058.562500
405     -359597.937500
406     -360131.468750
407     -360666.750000
408     -361199.687500
409     -361727.375000
410     -362253.468750
411     -362777.187500
412     -363295.187500
413     -363812.125000
414     -364328.250000
415     -364838.406250
416     -365345.375000
417     -365851.000000
418     -366352.000000
419     -366849.437500
420     -367345.937500
421     -367838.000000
422     -368329.312500
423     -368817.562500
424     -369302.218750
425     -369781.593750
426     -370260.593750
427     -370736.312500
428     -371211.687500
429     -371682.187500
430     -372150.250000
431     -372617.656250
432     -373076.687500
433     -373535.406250
434     -373993.500000
435     -374444.687500
436     -374896.343750
437     -375346.718750
438     -375789.312500
439     -376231.250000
440     -376672.437500
441     -377108.093750
442     -377542.375000
443     -377974.125000
444     -378404.531250
445     -378829.062500
446     -379253.500000
447     -379675.062500
448     -380092.718750
449     -380507.250000
450     -380917.531250
451     -381328.906250
452     -381734.062500
453     -382138.500000
454     -382541.937500
455     -382942.187500
456     -383339.375000
457     -383732.718750
458     -384124.812500
459     -384511.312500
460     -384895.375000
461     -385277.875000
462     -385657.500000
463     -386034.500000
464     -386407.187500
465     -386778.875000
466     -387146.437500
467     -387510.937500
468     -387873.437500
469     -388234.937500
470     -388589.125000
471     -388943.531250
472     -389295.437500
473     -389644.937500
474     -389992.218750
475     -390336.312500
476     -390678.062500
477     -391015.531250
478     -391350.562500
479     -391683.437500
480     -392012.562500
481     -392342.062500
482     -392668.625000
483     -392994.156250
484     -393314.812500
485     -393632.843750
486     -393949.437500
487     -394263.500000
488     -394573.500000
489     -394882.500000
490     -395188.468750
491     -395493.937500
492     -395792.718750
493     -396091.781250
494     -396390.750000
495     -396685.250000
496     -396976.625000
497     -397265.843750
498     -397553.062500
499     -397839.562500
500     -398122.062500
501     -398402.250000
502     -398681.812500
503     -398956.562500
504     -399232.000000
505     -399506.375000
506     -399773.562500
507     -400040.781250
508     -400308.500000
509     -400571.250000
510     -400833.281250
511     -401092.125000
512     -401347.687500
513     -401602.437500
514     -401854.031250
515     -402104.312500
516     -402351.687500
517     -402598.187500
518     -402841.125000
519     -403083.062500
520     -403323.343750
521     -403559.531250
