1_data_1000
-1.97112e+04 -1.89344e+04 -1.95499e+04 -2.06567e+04 -1.87378e+04 
-1.97837e+04 -1.90392e+04 -1.94774e+04 -2.07732e+04 -1.87938e+04 
-1.98131e+04 -1.91006e+04 -1.95965e+04 -2.08332e+04 -1.88847e+04 
-1.99194e+04 -1.92275e+04 -1.97186e+04 -2.08424e+04 -1.89782e+04 
-1.98729e+04 -1.92046e+04 -1.97317e+04 -2.08921e+04 -1.89345e+04 
-1.99106e+04 -1.93519e+04 -1.96089e+04 -2.08996e+04 -1.88992e+04 

2_data_6000
-2.78676e+05 -2.79671e+05 -2.83024e+05 -2.73281e+05 -2.69560e+05 
-2.79102e+05 -2.80785e+05 -2.83618e+05 -2.73896e+05 -2.70381e+05 
-2.80872e+05 -2.82524e+05 -2.85629e+05 -2.75933e+05 -2.72716e+05 
-2.82238e+05 -2.83299e+05 -2.86683e+05 -2.76911e+05 -2.73733e+05 
-2.82573e+05 -2.83417e+05 -2.87187e+05 -2.77394e+05 -2.74176e+05 
-2.82348e+05 -2.83587e+05 -2.87518e+05 -2.77761e+05 -2.73602e+05 

3_data_25000
-2.35664e+06 -2.32610e+06 -2.36080e+06 -2.35869e+06 -2.36872e+06 
-2.36061e+06 -2.32711e+06 -2.36514e+06 -2.36533e+06 -2.37339e+06 
-2.37751e+06 -2.34601e+06 -2.38092e+06 -2.38199e+06 -2.38670e+06 
-2.38645e+06 -2.35608e+06 -2.39124e+06 -2.39181e+06 -2.39717e+06 
-2.38904e+06 -2.35950e+06 -2.39336e+06 -2.39601e+06 -2.40209e+06 
-2.39142e+06 -2.36284e+06 -2.39673e+06 -2.39670e+06 -2.40414e+06 

4_data_45000
-5.74297e+06 -5.71025e+06 -5.63532e+06 -5.71569e+06 -5.60453e+06 
-5.75278e+06 -5.71994e+06 -5.64619e+06 -5.72586e+06 -5.61192e+06 
-5.79098e+06 -5.76057e+06 -5.68619e+06 -5.76608e+06 -5.65699e+06 
-5.81790e+06 -5.78334e+06 -5.70894e+06 -5.78941e+06 -5.68431e+06 
-5.83115e+06 -5.78979e+06 -5.72066e+06 -5.80139e+06 -5.69397e+06 
-5.83279e+06 -5.80077e+06 -5.72806e+06 -5.80686e+06 -5.69997e+06 


